03089 18 19 21 26 27 33 16
03088 3 10 21 22 24 33 12
03087 2 3 4 5 24 28 13
03086 5 12 16 18 26 30 13
03085 1 4 11 12 19 27 14
03084 2 6 7 10 17 33 3
03083 1 3 14 18 26 28 1
03082 7 17 18 19 30 31 14
03081 1 2 14 26 29 30 7
03080 9 20 24 25 28 30 10
03079 12 15 22 23 26 31 4
03078 7 12 23 26 29 30 11
03077 4 12 16 22 24 25 6
03076 1 13 16 18 20 29 2
03075 16 17 19 22 31 33 11
03074 2 12 19 22 27 32 1
03073 2 12 14 21 23 30 13
03072 3 6 8 11 19 27 11
03071 9 11 12 14 15 33 11
03070 1 2 4 17 18 19 8
03069 7 11 16 19 26 28 11
03068 9 19 25 27 32 33 11
03067 5 11 12 13 27 31 10
03066 3 7 8 20 24 32 14
03065 6 15 16 17 30 33 11
03064 4 6 8 12 15 30 1
03063 5 8 9 14 21 33 11
03062 1 6 12 19 20 32 14
03061 3 5 20 21 28 32 2
03060 2 4 6 17 21 28 11
03059 2 3 5 6 18 30 4
03058 9 11 16 28 32 33 2
03057 18 19 24 25 30 31 16
03056 8 17 21 26 28 29 7
03055 6 13 16 21 28 31 16
03054 2 5 9 21 31 33 12
03053 15 19 20 21 28 29 13
03052 1 12 13 23 30 31 11
03051 4 13 15 17 24 27 1
03050 2 8 17 23 24 26 13
03049 3 6 7 13 24 25 15
03048 10 12 20 28 30 31 9
03047 3 17 26 28 32 33 16
03046 7 8 10 11 17 26 11
03045 3 7 14 15 17 32 3
03044 2 5 9 16 32 33 15
03043 2 8 10 19 20 32 13
03042 3 5 7 10 15 20 7
03041 2 3 17 18 24 25 11
03040 4 5 6 12 14 23 16
03039 3 5 23 24 27 32 3
03038 5 7 8 24 25 27 16
03037 9 14 17 18 26 32 7
03036 7 21 24 25 27 28 15
03035 3 4 5 8 10 11 8
03034 8 13 14 16 23 25 14
03033 1 7 14 20 27 30 10
03032 4 11 25 27 29 30 13
03031 11 17 20 22 28 32 1
03030 2 6 13 14 23 27 7
03029 2 7 15 26 29 32 10
03028 6 13 16 20 28 32 7
03027 1 11 14 17 27 28 15
03026 8 13 15 26 29 31 16
03025 1 5 11 13 14 27 12
03024 2 7 15 17 22 30 14
03023 1 10 20 22 26 31 2
03022 2 7 11 12 14 32 8
03021 14 15 18 25 26 30 1
03020 7 10 25 26 27 32 4
03019 4 8 12 13 16 33 9
03018 5 16 19 20 25 28 13
03017 5 8 18 23 25 31 6
03016 11 17 28 30 31 33 6
03015 4 11 19 25 26 32 13
03014 3 5 7 8 21 31 2
03013 8 13 17 21 23 32 12
03012 2 12 16 17 27 30 12
03011 4 5 11 12 30 32 15
03010 1 2 8 13 17 24 13
03009 5 9 18 20 22 30 9
03008 5 8 9 14 17 23 8
03007 1 9 19 21 23 26 7
03006 1 3 10 21 26 27 6
03005 4 6 15 17 30 31 16
03004 4 6 7 10 13 25 3
03003 1 7 10 23 28 32 16
03002 4 9 19 20 21 26 12
03001 10 11 12 13 26 28 11
04122 3 11 14 22 24 31 15
04121 7 13 16 18 30 32 10
04120 7 8 18 21 27 32 10
04119 6 9 18 20 25 33 6
04118 3 4 7 12 30 31 15
04117 1 3 7 14 24 25 7
04116 1 3 5 8 14 33 3
04115 2 16 20 30 31 33 1
04114 1 6 9 17 21 22 1
04113 8 10 23 25 31 32 7
04112 9 13 15 21 26 33 6
04111 11 16 18 20 26 31 2
04110 14 19 20 21 22 31 11
04109 6 8 10 17 30 31 14
04108 8 13 14 27 28 31 12
04107 1 8 12 13 18 20 7
04106 10 15 23 26 28 29 12
04105 7 9 10 21 23 30 12
04104 7 11 17 18 24 29 5
04103 2 3 5 9 16 21 2
04102 3 9 12 15 28 32 1
04101 2 9 14 19 25 26 15
04100 6 8 9 14 24 33 15
04099 5 10 21 22 26 33 2
04098 3 12 13 25 26 31 3
04097 10 19 20 26 29 31 14
04096 1 4 12 16 20 30 15
04095 19 22 27 28 30 32 1
04094 5 9 10 13 24 25 8
04093 11 14 20 27 32 33 5
04092 1 4 8 13 28 31 2
04091 9 13 14 21 30 33 1
04090 1 18 20 24 32 33 12
04089 14 17 20 25 28 30 14
04088 2 10 19 22 24 32 14
04087 1 3 7 8 25 26 14
04086 10 13 18 19 25 27 1
04085 3 8 11 29 30 32 1
04084 1 4 8 11 21 25 14
04083 14 16 27 28 30 33 6
04082 3 20 24 27 29 30 15
04081 3 5 21 24 27 32 6
04080 3 8 20 23 24 26 16
04079 7 13 14 17 19 30 3
04078 4 5 10 21 24 26 5
04077 8 9 10 14 16 26 7
04076 3 5 13 17 25 31 7
04075 7 18 21 26 27 28 7
04074 5 6 15 19 26 29 13
04073 2 7 13 16 23 28 16
04072 8 15 18 28 30 33 14
04071 3 8 16 17 21 29 6
04070 10 12 21 22 30 33 6
04069 2 11 15 20 22 29 5
04068 2 8 11 13 24 31 15
04067 1 6 7 13 16 32 4
04066 5 13 20 23 24 25 3
04065 13 14 27 29 32 33 8
04064 14 15 18 20 27 31 4
04063 7 10 13 16 27 28 7
04062 1 12 25 27 28 29 13
04061 13 16 19 20 23 33 9
04060 3 5 11 24 27 28 15
04059 4 7 11 19 23 26 10
04058 1 8 11 12 27 31 12
04057 5 21 23 25 28 32 4
04056 1 20 21 25 29 30 2
04055 6 8 19 25 29 32 7
04054 9 11 14 16 27 28 11
04053 2 3 4 9 24 25 2
04052 1 12 14 15 17 29 9
04051 2 3 9 10 15 29 11
04050 6 7 19 21 25 29 2
04049 11 12 14 16 25 29 9
04048 8 9 11 16 17 29 9
04047 1 7 8 11 27 31 6
04046 7 15 16 22 23 32 14
04045 1 12 18 26 27 28 13
04044 2 6 7 12 31 32 5
04043 4 9 10 21 22 24 10
04042 6 10 13 17 18 21 2
04041 8 10 17 22 25 29 14
04040 7 17 19 20 21 29 11
04039 10 16 18 25 26 29 3
04038 11 16 17 25 28 29 7
04037 3 4 11 17 20 26 5
04036 2 13 17 18 26 30 1
04035 2 8 26 27 30 32 16
04034 2 7 13 20 27 30 14
04033 1 4 8 9 19 20 1
04032 2 5 8 11 15 31 13
04031 3 6 19 20 21 24 11
04030 1 7 9 17 26 31 5
04029 9 13 20 22 24 32 5
04028 1 2 3 5 10 22 12
04027 1 5 9 10 18 32 11
04026 4 10 14 18 28 32 15
04025 7 8 10 24 29 33 4
04024 1 13 21 23 25 32 6
04023 1 8 14 17 19 30 3
04022 3 10 14 19 20 30 6
04021 5 9 11 17 26 27 10
04020 1 2 9 22 28 31 4
04019 5 10 11 23 24 32 4
04018 2 5 6 8 28 30 6
04017 5 12 14 15 25 31 9
04016 4 7 8 28 30 32 5
04015 1 3 5 18 22 23 13
04014 3 7 11 17 20 26 12
04013 12 14 21 29 30 32 13
04012 1 7 27 30 31 33 8
04011 1 4 13 23 28 30 3
04010 6 7 8 13 14 19 15
04009 1 9 10 16 22 24 11
04008 1 7 10 22 32 33 13
04007 4 12 17 20 25 28 9
04006 4 12 18 20 23 32 6
04005 9 11 13 16 17 18 7
04004 10 19 22 23 25 29 9
04003 3 5 6 17 26 33 8
04002 10 12 18 22 30 31 11
04001 1 2 3 7 10 25 7
05153 4 5 7 21 26 29 1
05152 1 5 12 14 21 27 3
05151 4 11 12 13 19 30 5
05150 3 7 10 14 18 20 2
05149 11 16 21 23 25 32 7
05148 3 15 17 23 24 29 13
05147 6 7 15 27 28 30 10
05146 7 11 19 20 24 28 2
05145 3 7 8 17 20 28 15
05144 1 8 14 15 19 27 9
05143 3 10 15 17 20 32 8
05142 7 10 12 17 22 29 5
05141 3 5 8 12 16 19 15
05140 4 6 7 8 12 17 7
05139 2 7 20 23 32 33 10
05138 3 5 6 11 20 22 13
05137 3 9 15 23 25 33 12
05136 5 14 16 18 25 27 13
05135 1 5 13 15 21 25 11
05134 4 13 14 18 26 30 1
05133 1 7 14 16 18 25 11
05132 2 4 10 18 27 29 15
05131 2 7 10 11 12 24 3
05130 3 5 9 15 20 25 16
05129 5 10 14 20 27 33 3
05128 2 4 14 23 29 33 15
05127 4 6 11 14 23 25 12
05126 2 8 13 19 25 26 9
05125 6 14 18 28 31 32 3
05124 5 6 10 19 31 33 11
05123 11 12 13 17 18 25 7
05122 1 4 7 14 30 32 9
05121 1 7 20 25 31 32 12
05120 1 6 13 18 30 32 14
05119 1 7 11 18 20 22 2
05118 4 9 12 15 26 31 16
05117 6 17 22 27 28 32 3
05116 4 6 8 14 15 30 10
05115 3 12 18 23 30 33 2
05114 6 7 10 15 21 27 6
05113 15 18 20 22 26 27 3
05112 4 12 22 28 29 30 16
05111 3 7 15 16 19 29 9
05110 7 10 16 19 24 25 9
05109 3 5 13 15 17 31 4
05108 3 10 12 24 29 30 6
05107 9 10 20 24 25 26 11
05106 1 11 13 24 26 31 13
05105 4 15 23 30 32 33 3
05104 2 4 21 23 30 33 9
05103 4 7 16 18 23 30 7
05102 2 5 6 14 24 31 12
05101 9 16 19 21 22 24 12
05100 2 4 9 14 16 31 3
05099 10 13 16 22 24 31 9
05098 12 15 19 22 31 33 1
05097 5 10 23 27 28 30 15
05096 4 5 17 18 26 33 4
05095 9 12 18 21 28 29 5
05094 3 5 9 23 27 33 3
05093 4 6 17 23 25 29 14
05092 8 13 19 26 28 31 10
05091 1 11 12 15 26 27 13
05090 1 9 21 25 29 32 3
05089 5 19 20 23 26 31 12
05088 1 3 7 18 20 24 7
05087 8 9 15 16 23 26 8
05086 7 11 12 24 27 29 12
05085 8 9 13 14 20 22 12
05084 1 2 7 15 19 20 3
05083 3 5 9 14 16 30 13
05082 1 7 11 14 19 20 12
05081 2 4 10 12 26 30 3
05080 1 12 14 26 27 32 16
05079 3 9 20 24 25 28 5
05078 3 11 15 20 26 32 11
05077 8 17 22 24 32 33 16
05076 4 9 11 22 25 28 13
05075 11 13 14 16 18 31 14
05074 6 9 18 20 26 29 9
05073 1 6 8 9 18 20 1
05072 6 10 19 20 24 33 11
05071 4 8 12 14 16 22 10
05070 3 4 8 14 16 26 4
05069 7 9 21 24 31 33 12
05068 1 8 10 13 25 33 13
05067 3 12 16 20 21 26 16
05066 2 4 10 11 25 28 5
05065 12 16 17 21 22 23 16
05064 10 18 23 27 30 32 8
05063 2 11 13 18 22 30 4
05062 2 7 11 12 20 23 7
05061 5 9 14 21 23 24 1
05060 9 12 21 25 31 33 13
05059 7 11 14 18 24 29 7
05058 4 6 10 21 25 26 10
05057 5 6 10 15 30 31 13
05056 12 17 19 27 29 31 9
05055 5 20 22 30 32 33 9
05054 5 13 17 18 21 29 14
05053 4 7 10 14 27 29 9
05052 1 2 14 17 30 32 1
05051 3 6 14 19 20 21 2
05050 2 9 12 20 26 32 13
05049 2 3 8 10 25 27 12
05048 6 7 8 10 16 28 2
05047 2 3 5 7 8 27 15
05046 9 16 18 20 22 24 5
05045 1 7 10 15 18 20 10
05044 1 6 16 17 18 22 9
05043 4 5 6 7 8 32 5
05042 11 16 21 26 27 30 15
05041 2 11 16 23 24 29 3
05040 1 12 21 24 30 32 13
05039 2 16 18 19 21 29 9
05038 4 7 11 20 27 28 16
05037 7 12 14 22 24 32 16
05036 12 19 20 21 26 31 15
05035 12 16 21 28 29 30 14
05034 5 17 18 25 28 32 9
05033 7 8 12 14 19 20 7
05032 5 15 19 20 25 29 3
05031 4 10 16 20 23 32 7
05030 1 5 9 14 22 28 5
05029 2 14 21 22 27 30 14
05028 4 9 22 25 26 32 10
05027 1 3 4 6 21 32 15
05026 6 12 14 20 25 26 7
05025 1 7 10 11 13 32 7
05024 5 9 14 27 31 32 13
05023 10 15 19 20 21 25 12
05022 8 10 12 21 32 33 4
05021 2 6 24 26 30 31 16
05020 14 16 19 20 25 29 5
05019 6 11 12 13 19 22 8
05018 1 3 6 22 23 25 6
05017 2 6 10 25 27 31 3
05016 1 5 6 12 16 30 15
05015 4 8 9 16 17 29 15
05014 13 19 21 23 30 32 5
05013 7 8 16 19 20 24 6
05012 2 3 6 16 22 31 5
05011 9 11 13 15 22 30 15
05010 8 10 11 18 25 26 1
05009 2 17 22 27 29 31 14
05008 11 19 22 27 32 33 11
05007 7 15 17 20 23 33 15
05006 2 4 5 15 21 31 16
05005 5 9 20 26 28 33 15
05004 1 4 8 9 22 23 3
05003 9 12 15 19 22 31 16
05002 6 9 20 26 28 33 14
05001 1 7 8 23 27 28 14
06154 7 14 18 20 30 33 13
06153 1 7 11 20 30 33 10
06152 1 14 20 25 27 31 15
06151 1 3 4 6 16 22 8
06150 8 9 12 18 25 27 12
06149 2 3 5 11 15 32 15
06148 4 8 12 13 23 29 1
06147 1 4 15 17 27 31 1
06146 3 9 13 23 28 30 5
06145 2 7 23 26 28 31 7
06144 4 10 13 16 22 29 6
06143 1 15 20 29 31 32 8
06142 10 16 19 22 26 27 16
06141 16 18 22 23 25 31 11
06140 1 8 11 18 19 23 5
06139 7 8 14 21 23 25 5
06138 4 9 11 17 18 26 8
06137 10 14 17 21 27 31 9
06136 11 15 17 21 22 24 5
06135 4 19 21 22 23 31 4
06134 10 13 18 26 28 30 12
06133 4 6 20 25 29 31 3
06132 6 14 22 26 30 33 1
06131 3 4 9 22 26 33 1
06130 1 12 21 22 30 32 2
06129 9 14 18 22 27 29 12
06128 4 15 21 30 31 33 5
06127 3 4 11 17 19 30 1
06126 2 8 13 16 24 33 9
06125 15 19 23 30 32 33 6
06124 12 13 14 18 31 32 13
06123 2 3 20 25 28 32 6
06122 4 5 6 8 22 24 3
06121 3 4 6 27 31 33 6
06120 6 8 14 15 24 33 9
06119 1 2 14 20 27 30 2
06118 1 3 7 8 10 30 5
06117 6 14 20 22 23 26 9
06116 5 16 21 22 32 33 9
06115 1 10 20 26 28 29 15
06114 8 10 14 20 27 29 16
06113 5 14 17 18 28 33 2
06112 4 9 13 15 31 33 11
06111 1 8 11 16 17 22 15
06110 9 12 14 18 27 33 13
06109 1 5 17 18 23 26 13
06108 2 6 8 20 24 30 9
06107 1 6 8 13 17 30 7
06106 2 12 14 19 28 33 10
06105 5 12 14 15 20 31 1
06104 3 7 22 27 28 31 11
06103 12 14 15 25 28 31 6
06102 1 4 13 19 20 24 11
06101 9 12 20 26 27 28 16
06100 1 11 18 26 30 32 3
06099 9 12 18 23 24 27 5
06098 6 7 10 11 18 23 16
06097 11 14 15 20 26 27 12
06096 1 5 9 13 18 33 14
06095 1 3 17 20 21 29 16
06094 15 16 17 18 24 33 13
06093 2 12 16 18 19 23 5
06092 2 8 11 16 20 21 14
06091 7 8 12 21 22 24 7
06090 2 11 15 20 23 29 11
06089 1 13 16 18 19 22 1
06088 3 11 20 24 25 26 1
06087 4 5 8 9 12 30 5
06086 4 6 10 24 26 31 6
06085 2 6 18 21 24 25 8
06084 1 12 17 21 25 28 12
06083 7 9 18 19 26 29 10
06082 3 13 15 23 28 29 9
06081 14 16 18 21 22 32 4
06080 15 17 20 22 26 29 9
06079 6 11 13 17 20 32 8
06078 3 5 17 22 31 33 12
06077 8 9 12 13 19 33 9
06076 4 10 17 21 29 32 14
06075 10 21 22 23 25 33 11
06074 1 3 15 19 25 33 4
06073 5 13 16 18 27 29 12
06072 2 3 5 20 21 24 8
06071 5 11 12 19 29 31 1
06070 2 3 11 13 20 27 2
06069 5 16 20 22 29 30 8
06068 3 7 10 14 30 33 10
06067 7 8 11 16 17 24 13
06066 6 8 11 18 30 33 5
06065 4 8 17 28 29 30 13
06064 3 12 14 21 24 28 11
06063 4 5 15 21 23 24 8
06062 18 22 23 24 26 30 1
06061 5 13 17 19 25 30 11
06060 5 15 19 23 30 32 14
06059 5 10 15 17 27 29 11
06058 1 12 22 23 24 25 14
06057 3 4 17 18 21 31 8
06056 11 13 15 21 23 25 8
06055 4 5 28 29 31 33 11
06054 3 5 7 10 28 30 4
06053 1 11 17 27 28 31 2
06052 11 24 26 27 30 32 3
06051 2 6 7 17 27 30 16
06050 2 6 12 15 25 31 7
06049 6 10 12 13 17 20 3
06048 9 13 19 25 29 32 12
06047 2 17 20 22 28 32 3
06046 13 18 23 29 31 32 8
06045 6 7 10 14 20 21 4
06044 2 10 18 21 30 31 5
06043 5 12 13 16 23 32 3
06042 3 16 23 26 28 31 11
06041 3 10 16 18 21 28 4
06040 15 22 25 26 28 33 3
06039 16 19 22 28 31 32 3
06038 2 14 17 19 22 30 10
06037 2 12 23 24 25 32 14
06036 4 7 10 16 17 21 9
06035 3 9 13 21 27 29 13
06034 2 10 15 16 17 33 13
06033 15 20 22 23 27 31 6
06032 5 18 20 24 26 31 9
06031 3 10 12 16 31 32 14
06030 8 13 15 17 20 32 14
06029 3 4 7 9 14 19 8
06028 5 7 14 16 17 27 4
06027 6 8 11 14 16 27 15
06026 1 2 18 22 29 32 3
06025 3 4 17 19 24 32 5
06024 2 7 9 11 21 27 6
06023 4 13 14 19 23 28 8
06022 2 3 4 13 16 27 13
06021 1 2 5 20 21 22 9
06020 5 9 21 23 26 29 6
06019 4 6 13 22 26 32 7
06018 1 13 14 17 24 26 5
06017 3 4 8 31 32 33 2
06016 1 7 13 17 23 30 16
06015 2 3 9 15 29 32 3
06014 6 14 26 29 32 33 7
06013 1 5 6 12 16 21 11
06012 9 11 13 27 31 33 10
06011 5 7 8 14 27 31 11
06010 4 6 12 19 27 29 8
06009 5 6 8 20 26 30 6
06008 3 5 9 18 28 32 16
06007 4 16 18 27 32 33 7
06006 8 21 22 23 26 32 14
06005 3 19 20 24 26 27 11
06004 4 8 17 27 28 31 7
06003 2 4 5 6 16 20 12
06002 7 13 16 21 26 28 9
06001 1 12 15 19 21 28 3
07153 1 4 19 20 25 31 15
07152 11 17 21 29 30 33 8
07151 1 6 10 11 23 25 2
07150 3 5 11 13 19 24 5
07149 1 17 19 22 28 30 3
07148 3 9 16 17 23 28 7
07147 3 7 18 24 26 27 4
07146 4 18 22 24 26 30 9
07145 8 9 11 12 25 31 11
07144 8 14 23 25 28 32 16
07143 1 6 22 23 24 26 4
07142 11 20 25 26 27 30 8
07141 2 3 4 6 17 31 8
07140 1 5 16 21 22 26 11
07139 6 10 12 14 16 22 6
07138 2 3 15 17 19 25 16
07137 3 7 8 18 20 22 3
07136 1 2 18 21 25 29 14
07135 1 11 16 26 31 33 16
07134 1 4 10 13 18 25 15
07133 3 6 7 11 13 33 10
07132 1 9 16 21 22 23 5
07131 3 5 7 16 22 27 5
07130 3 5 9 11 27 31 4
07129 5 7 20 21 22 30 8
07128 9 10 19 21 27 31 5
07127 6 9 13 16 24 28 11
07126 9 10 19 23 26 31 9
07125 3 5 18 20 27 33 1
07124 3 7 13 16 19 32 16
07123 1 13 15 23 28 32 2
07122 4 7 19 24 26 32 9
07121 3 10 21 22 27 28 6
07120 6 7 11 12 18 25 1
07119 3 8 11 13 25 31 12
07118 4 10 16 18 25 32 15
07117 3 7 9 10 26 32 1
07116 3 5 7 11 17 27 13
07115 1 5 10 16 20 26 2
07114 5 12 15 24 27 33 5
07113 4 18 23 25 26 31 10
07112 7 11 14 16 25 32 11
07111 2 9 10 12 13 17 11
07110 2 4 7 15 24 28 3
07109 1 4 7 8 13 14 4
07108 3 7 12 13 20 33 2
07107 2 8 9 18 24 28 10
07106 12 18 21 24 25 29 8
07105 2 7 10 17 23 29 14
07104 2 8 12 14 20 32 4
07103 7 9 25 27 30 32 1
07102 4 6 8 18 20 33 11
07101 15 16 18 21 22 30 14
07100 8 18 27 29 30 32 6
07099 3 4 14 27 31 33 5
07098 2 3 5 11 19 20 12
07097 4 8 13 18 26 30 11
07096 9 10 20 22 30 32 8
07095 1 6 8 18 29 32 7
07094 3 5 18 19 24 32 2
07093 5 10 13 15 19 29 2
07092 14 18 22 23 24 33 9
07091 2 11 17 30 31 32 7
07090 5 11 13 27 30 31 2
07089 3 7 8 15 19 28 3
07088 2 4 10 28 29 33 6
07087 1 3 4 5 8 21 9
07086 5 8 14 22 27 29 16
07085 2 12 17 19 29 30 12
07084 6 10 12 14 20 27 10
07083 11 14 18 20 21 26 5
07082 5 15 17 18 25 32 15
07081 9 14 15 19 24 33 13
07080 1 8 16 18 19 29 4
07079 3 4 14 20 21 25 14
07078 4 6 7 23 25 32 1
07077 6 8 14 21 28 29 2
07076 6 12 15 16 20 31 2
07075 13 16 17 22 30 32 3
07074 8 13 15 25 27 28 3
07073 5 9 11 19 28 31 2
07072 2 4 8 13 14 33 16
07071 1 6 14 21 30 31 9
07070 6 8 15 17 18 30 12
07069 3 4 11 12 14 32 12
07068 11 18 19 22 23 28 1
07067 6 11 13 17 21 23 11
07066 5 11 16 24 32 33 8
07065 4 7 19 21 25 31 7
07064 2 6 9 16 21 23 16
07063 10 15 17 24 26 28 12
07062 8 17 20 29 30 33 9
07061 1 6 7 11 20 23 5
07060 1 2 8 16 19 29 5
07059 1 3 4 6 7 29 14
07058 7 8 10 13 25 27 7
07057 5 11 18 19 20 21 9
07056 14 17 21 29 31 32 12
07055 2 6 11 22 28 29 2
07054 1 3 16 18 23 28 5
07053 10 13 16 17 18 27 11
07052 2 3 7 8 26 29 7
07051 3 14 16 26 27 33 13
07050 1 5 8 13 18 25 2
07049 4 14 18 19 31 33 2
07048 2 11 12 15 17 28 12
07047 2 4 16 18 23 30 6
07046 2 6 7 9 19 26 14
07045 1 12 18 21 28 30 10
07044 9 13 20 21 24 32 8
07043 3 8 10 11 14 30 5
07042 3 13 16 19 32 33 8
07041 1 3 9 11 26 31 12
07040 13 14 15 19 24 30 10
07039 6 7 19 24 27 29 1
07038 3 11 14 19 21 30 5
07037 10 11 16 23 31 33 16
07036 3 14 21 23 30 31 10
07035 1 4 8 12 29 31 6
07034 2 9 12 14 23 25 16
07033 3 4 11 17 18 28 9
07032 4 8 16 24 30 32 16
07031 4 6 10 12 19 31 1
07030 3 16 21 22 27 30 4
07029 6 8 9 11 19 21 10
07028 3 8 13 20 29 30 11
07027 2 3 9 22 24 27 11
07026 1 4 14 16 26 29 10
07025 3 16 18 22 23 26 3
07024 8 9 17 25 27 32 6
07023 3 7 13 17 32 33 2
07022 2 4 7 10 18 27 10
07021 3 6 9 11 25 31 13
07020 5 10 16 20 28 31 14
07019 4 11 16 23 29 31 14
07018 1 12 18 20 21 26 11
07017 5 9 10 24 25 32 14
07016 1 18 20 22 26 33 5
07015 3 4 8 18 22 30 15
07014 1 13 16 20 24 26 9
07013 5 15 18 27 29 32 5
07012 3 5 7 21 26 28 4
07011 3 10 15 25 28 33 16
07010 3 8 14 17 30 32 5
07009 2 4 14 15 25 27 15
07008 1 4 5 18 19 25 10
07007 4 12 15 17 22 32 14
07006 6 10 14 22 26 27 11
07005 1 5 6 16 24 30 12
07004 3 7 10 13 25 33 10
07003 5 9 11 12 22 27 15
07002 5 6 14 20 21 22 1
07001 2 4 9 10 20 26 14
08154 2 5 7 21 22 26 8
08153 1 4 18 21 24 30 16
08152 1 4 6 22 26 30 8
08151 6 8 10 14 17 19 6
08150 4 19 22 24 29 32 2
08149 10 14 22 28 29 33 2
08148 3 5 9 22 26 28 9
08147 7 8 14 22 26 33 2
08146 7 8 17 19 31 32 10
08145 7 13 18 22 26 29 2
08144 2 5 10 27 29 33 15
08143 12 17 18 19 26 27 6
08142 5 6 10 13 17 28 15
08141 3 13 20 25 29 33 15
08140 7 14 16 29 30 31 14
08139 8 9 19 23 25 26 7
08138 7 14 19 23 25 32 4
08137 1 4 24 28 29 33 9
08136 5 9 10 12 18 28 2
08135 5 14 15 16 19 21 15
08134 10 15 19 20 28 32 2
08133 8 11 16 19 24 26 11
08132 9 13 16 25 27 33 8
08131 2 12 15 18 22 32 8
08130 1 12 18 28 30 32 6
08129 1 3 18 24 25 32 15
08128 1 5 19 20 27 33 5
08127 5 8 19 22 27 30 13
08126 4 11 12 14 20 30 13
08125 10 11 12 15 26 29 9
08124 1 7 10 13 21 22 3
08123 10 11 15 16 25 29 2
08122 2 8 11 14 19 26 15
08121 2 22 23 27 31 32 6
08120 10 11 22 24 26 33 2
08119 5 7 9 15 24 29 7
08118 4 9 16 27 31 33 1
08117 3 5 7 10 14 33 7
08116 3 7 21 22 24 29 14
08115 2 12 13 14 17 18 6
08114 4 9 20 24 25 31 14
08113 6 9 10 12 17 22 9
08112 5 13 14 19 22 23 6
08111 17 18 21 25 31 32 6
08110 10 16 22 23 29 31 2
08109 4 7 9 16 21 28 10
08108 9 10 15 17 23 30 12
08107 6 13 18 22 27 32 4
08106 14 19 25 27 29 30 15
08105 5 17 19 27 28 32 2
08104 3 6 8 17 24 31 1
08103 1 12 16 18 22 33 4
08102 3 7 12 21 25 32 5
08101 9 17 21 26 28 30 4
08100 8 14 17 21 27 28 14
08099 10 15 16 22 23 24 7
08098 6 7 10 11 15 30 1
08097 3 6 8 9 16 17 13
08096 6 8 12 24 27 31 14
08095 3 8 14 21 28 29 3
08094 1 4 15 16 23 28 14
08093 4 10 12 16 26 28 7
08092 1 3 18 27 28 30 5
08091 3 12 14 23 31 32 10
08090 2 7 14 18 19 24 1
08089 3 6 11 16 22 27 11
08088 1 6 8 16 17 23 5
08087 1 7 26 29 30 31 6
08086 4 5 10 26 27 30 12
08085 1 4 12 20 24 29 15
08084 4 7 13 20 29 30 16
08083 7 8 9 18 29 32 9
08082 4 8 10 12 21 26 9
08081 2 12 13 18 25 31 4
08080 4 14 22 25 29 32 14
08079 3 4 5 10 20 32 9
08078 6 13 16 26 30 33 1
08077 4 12 22 26 30 33 9
08076 2 5 7 11 13 18 11
08075 1 8 14 18 22 30 3
08074 1 11 15 19 20 24 9
08073 1 9 13 22 28 33 8
08072 1 5 10 18 22 30 9
08071 1 6 21 26 27 28 9
08070 5 6 12 15 18 33 13
08069 5 8 17 20 26 30 10
08068 5 7 17 23 27 29 7
08067 10 11 15 19 26 33 13
08066 7 12 21 22 29 30 8
08065 5 13 15 19 30 31 5
08064 1 2 7 9 12 18 12
08063 5 9 11 14 16 17 15
08062 6 8 13 17 24 27 15
08061 1 2 5 12 26 31 6
08060 6 7 8 17 30 32 3
08059 2 6 15 29 31 32 16
08058 1 12 21 27 29 31 11
08057 19 20 21 26 28 30 8
08056 8 13 22 23 25 30 7
08055 11 16 19 23 26 31 4
08054 2 6 16 17 20 25 7
08053 6 12 19 20 21 27 4
08052 2 10 17 23 29 31 10
08051 1 4 8 10 13 33 11
08050 1 11 19 24 26 27 3
08049 3 10 12 13 19 25 4
08048 11 18 21 27 30 32 1
08047 9 12 13 14 20 22 10
08046 15 16 18 24 28 33 15
08045 1 10 13 21 29 32 4
08044 5 7 9 20 26 29 9
08043 3 10 16 22 27 33 14
08042 3 4 9 11 12 24 1
08041 8 11 20 22 23 27 4
08040 6 13 22 25 27 28 9
08039 1 7 10 13 22 29 1
08038 3 9 10 11 15 19 13
08037 1 12 22 24 28 31 6
08036 2 6 13 18 23 28 16
08035 7 11 14 17 18 29 16
08034 3 5 9 11 21 29 9
08033 12 17 18 30 31 33 4
08032 5 14 16 21 23 28 13
08031 3 6 11 15 21 31 13
08030 6 15 18 19 20 28 11
08029 1 9 14 22 29 32 12
08028 1 13 21 26 29 32 10
08027 15 18 19 23 24 26 13
08026 5 17 19 27 29 32 3
08025 8 16 17 18 19 21 14
08024 11 20 21 26 28 30 13
08023 8 16 18 25 26 32 2
08022 12 18 20 24 28 32 5
08021 9 12 19 20 26 28 15
08020 3 10 13 15 28 30 3
08019 2 9 11 17 27 31 5
08018 2 5 6 23 26 33 13
08017 2 5 7 17 20 22 2
08016 3 12 14 21 29 33 13
08015 6 8 11 16 29 33 3
08014 3 9 11 17 21 31 14
08013 2 8 15 16 22 28 10
08012 3 4 5 16 20 30 13
08011 2 14 17 21 30 32 3
08010 3 8 11 17 21 27 9
08009 9 21 29 30 31 32 16
08008 2 15 16 23 26 27 7
08007 1 13 17 22 23 30 11
08006 1 14 16 18 22 27 14
08005 3 5 15 22 24 25 15
08004 4 8 22 23 27 29 8
08003 6 8 11 13 17 19 12
08002 3 4 18 22 25 29 9
08001 2 4 7 9 14 29 3
09154 1 7 12 14 18 25 16
09153 6 7 8 20 21 25 10
09152 3 4 19 21 27 28 5
09151 6 8 10 16 25 30 14
09150 4 6 7 16 19 20 4
09149 1 3 16 18 22 29 4
09148 6 12 15 22 29 32 10
09147 6 8 10 18 22 32 16
09146 3 9 16 20 22 33 15
09145 3 5 11 15 26 33 11
09144 1 5 10 17 18 29 12
09143 5 9 11 17 23 28 10
09142 7 11 15 19 20 24 13
09141 2 13 21 28 29 31 9
09140 4 5 11 18 22 33 12
09139 1 5 15 17 27 29 2
09138 4 7 14 26 32 33 14
09137 8 12 14 15 17 21 1
09136 1 4 14 22 30 33 1
09135 1 3 14 19 30 33 16
09134 3 5 12 15 28 33 6
09133 5 9 13 18 20 32 1
09132 4 14 15 21 23 30 7
09131 16 23 25 26 32 33 5
09130 2 3 7 12 13 30 11
09129 6 7 16 17 24 25 7
09128 5 8 15 16 26 32 1
09127 2 11 12 14 15 16 4
09126 3 5 6 10 19 23 15
09125 6 7 8 22 26 27 12
09124 3 4 22 23 28 30 10
09123 9 13 20 22 25 28 14
09122 7 14 16 27 29 32 1
09121 2 4 6 10 25 30 9
09120 1 2 8 12 16 30 16
09119 6 7 10 12 15 21 5
09118 12 16 25 26 27 31 5
09117 5 9 15 21 26 31 13
09116 5 17 21 25 27 32 14
09115 2 9 13 15 19 24 3
09114 3 5 11 12 31 32 11
09113 4 12 20 25 28 29 16
09112 6 7 18 24 30 32 9
09111 2 4 7 14 15 25 15
09110 4 10 13 15 19 30 14
09109 5 6 7 14 25 28 1
09108 4 10 17 28 32 33 2
09107 7 8 20 23 28 29 5
09106 1 2 15 18 20 29 4
09105 2 8 10 16 27 30 15
09104 20 22 26 29 30 32 16
09103 6 11 17 20 23 24 9
09102 3 5 7 8 14 31 10
09101 1 2 5 10 19 24 14
09100 2 11 17 27 30 33 11
09099 8 9 18 20 25 29 9
09098 3 14 15 20 23 30 2
09097 7 13 24 26 28 32 14
09096 1 26 27 31 32 33 3
09095 8 9 14 28 31 33 15
09094 3 16 22 25 26 33 14
09093 1 11 20 31 32 33 1
09092 2 6 7 14 18 31 8
09091 3 8 11 14 25 29 4
09090 7 9 14 20 23 30 14
09089 2 3 7 11 19 32 4
09088 4 7 11 15 16 17 2
09087 6 11 13 20 28 32 6
09086 11 12 13 18 23 32 11
09085 4 8 12 17 20 30 3
09084 4 9 11 20 32 33 13
09083 2 8 12 18 24 28 4
09082 11 15 18 21 27 29 2
09081 4 5 6 25 29 30 3
09080 1 11 13 25 32 33 6
09079 2 9 16 21 30 31 13
09078 5 7 12 14 15 20 13
09077 1 9 14 16 28 32 16
09076 9 18 19 25 28 31 6
09075 1 13 15 17 20 30 5
09074 5 10 16 19 23 28 13
09073 9 16 17 18 22 27 14
09072 1 3 12 20 21 29 4
09071 4 5 23 26 31 32 6
09070 1 2 9 10 21 31 10
09069 3 5 12 18 21 23 2
09068 6 11 18 20 25 30 5
09067 4 10 16 23 28 30 5
09066 2 15 19 24 31 32 4
09065 8 12 20 22 30 33 2
09064 1 2 14 23 28 29 15
09063 2 5 11 26 30 32 16
09062 10 19 20 21 23 32 10
09061 10 11 13 16 19 30 3
09060 7 13 17 26 32 33 4
09059 3 7 13 23 27 30 11
09058 5 8 10 15 23 26 9
09057 5 7 10 14 17 25 11
09056 4 9 10 18 29 32 8
09055 3 4 18 22 24 29 11
09054 16 17 23 26 31 32 11
09053 7 12 18 19 22 28 4
09052 9 11 15 19 21 30 8
09051 6 10 13 16 21 23 7
09050 13 21 24 29 30 32 4
09049 9 12 14 20 30 31 6
09048 3 7 11 15 17 31 1
09047 6 8 11 15 21 22 16
09046 16 20 21 26 29 30 9
09045 3 4 6 23 30 32 1
09044 11 14 16 18 26 30 1
09043 4 9 10 15 18 26 7
09042 8 16 22 23 27 30 11
09041 1 8 23 26 28 33 8
09040 4 7 10 20 26 30 12
09039 5 12 14 15 21 27 3
09038 12 13 15 23 28 32 5
09037 2 6 15 18 20 31 3
09036 6 9 18 23 32 33 7
09035 6 15 21 26 29 31 5
09034 9 12 18 21 22 26 7
09033 7 8 13 14 29 30 6
09032 9 11 12 19 27 32 6
09031 1 2 3 15 30 33 1
09030 8 14 24 26 28 32 7
09029 12 13 15 22 23 29 13
09028 3 6 12 15 23 26 10
09027 2 7 11 16 27 32 6
09026 11 15 17 18 20 30 16
09025 10 20 22 23 26 33 11
09024 1 3 17 23 30 33 12
09023 1 6 7 15 24 30 8
09022 5 8 9 10 11 18 8
09021 1 4 5 17 24 27 9
09020 3 5 7 10 19 23 13
09019 6 17 19 20 26 27 4
09018 2 5 6 19 27 30 15
09017 6 14 15 19 25 26 8
09016 2 7 13 16 20 33 3
09015 2 4 6 15 17 32 5
09014 3 6 9 14 15 18 2
09013 4 8 9 21 26 27 9
09012 5 11 14 17 18 28 1
09011 2 4 13 14 18 23 15
09010 3 10 17 19 20 24 2
09009 8 15 21 30 31 33 2
09008 4 15 16 22 32 33 2
09007 1 5 12 23 25 26 15
09006 6 12 18 20 26 33 2
09005 1 3 8 15 17 21 13
09004 3 11 13 17 28 31 3
09003 2 3 6 15 25 30 2
09002 10 14 17 25 29 33 14
09001 4 21 23 24 30 31 4
10153 3 6 12 19 30 31 13
10152 4 9 17 21 25 31 1
10151 2 13 14 17 19 26 14
10150 2 17 18 23 29 30 6
10149 2 7 8 16 25 30 9
10148 1 3 7 18 23 27 12
10147 2 8 15 18 24 30 3
10146 1 17 18 22 25 32 1
10145 3 21 24 27 28 31 8
10144 2 3 8 15 19 21 11
10143 9 16 18 26 30 31 14
10142 2 16 18 23 26 27 10
10141 2 3 7 18 23 27 6
10140 1 12 13 18 26 29 15
10139 11 13 18 20 26 31 9
10138 1 21 23 24 26 30 5
10137 7 9 10 13 19 33 6
10136 4 10 23 24 26 33 10
10135 4 10 13 25 26 30 10
10134 9 15 16 22 27 28 6
10133 3 9 17 21 26 32 1
10132 2 10 12 18 24 33 15
10131 5 6 15 16 19 26 6
10130 1 2 7 15 21 31 16
10129 4 8 14 25 28 32 16
10128 4 11 19 20 24 28 12
10127 1 4 8 17 25 33 1
10126 3 13 18 20 27 28 5
10125 6 7 13 23 28 29 9
10124 2 6 8 11 12 25 2
10123 6 12 15 18 29 32 10
10122 2 9 12 16 25 27 6
10121 8 11 13 18 25 30 15
10120 1 2 5 6 10 29 16
10119 7 17 25 27 30 31 9
10118 5 8 11 13 15 25 5
10117 1 8 20 22 24 28 1
10116 5 9 10 20 22 26 7
10115 1 22 24 25 29 33 15
10114 1 8 11 15 17 25 1
10113 5 10 15 18 20 28 10
10112 1 8 18 24 29 30 16
10111 4 7 8 13 17 18 10
10110 1 3 12 24 26 27 1
10109 4 15 18 25 29 32 15
10108 2 4 8 20 23 24 7
10107 8 12 15 17 22 33 16
10106 2 6 8 15 26 29 16
10105 1 8 9 19 21 31 11
10104 7 17 23 24 27 32 2
10103 6 9 14 17 20 33 9
10102 4 11 16 20 22 29 10
10101 4 9 18 21 25 26 6
10100 1 6 12 22 23 26 8
10099 3 4 17 24 27 30 6
10098 1 3 8 16 29 33 7
10097 10 16 18 21 24 26 1
10096 7 12 21 23 24 28 3
10095 9 11 16 17 25 27 14
10094 3 5 7 27 31 32 10
10093 9 10 19 28 32 33 6
10092 3 13 19 27 28 30 2
10091 6 13 16 20 22 24 16
10090 1 6 10 15 25 31 14
10089 7 8 9 16 23 26 1
10088 5 6 15 23 27 30 12
10087 1 8 16 17 25 30 10
10086 5 21 28 29 30 31 8
10085 1 8 12 13 24 27 8
10084 2 10 14 18 20 30 3
10083 2 20 21 22 23 31 12
10082 1 8 13 14 27 31 2
10081 2 3 9 24 26 27 5
10080 8 10 13 14 16 23 16
10079 8 11 12 14 18 22 2
10078 1 3 9 11 17 23 12
10077 2 8 14 20 21 24 9
10076 1 12 14 29 31 32 15
10075 5 9 12 13 15 22 14
10074 2 10 17 18 19 29 15
10073 1 16 20 23 27 31 2
10072 6 8 22 23 30 31 1
10071 5 13 14 17 20 26 1
10070 8 13 23 27 31 33 7
10069 12 14 20 22 24 32 11
10068 3 13 18 20 23 28 13
10067 1 7 10 14 21 25 1
10066 1 3 21 22 31 32 7
10065 2 7 8 17 30 32 12
10064 8 14 25 26 30 31 11
10063 2 6 10 17 23 24 3
10062 11 13 15 20 31 33 3
10061 2 4 16 19 22 26 12
10060 1 8 15 18 22 27 9
10059 1 9 11 12 18 30 10
10058 1 4 11 17 19 29 12
10057 5 11 12 19 25 32 5
10056 1 2 3 8 13 32 7
10055 2 3 13 19 20 23 8
10054 1 6 8 12 14 25 6
10053 3 22 24 27 28 30 14
10052 1 2 19 23 27 29 10
10051 4 17 23 27 28 32 3
10050 7 21 22 26 28 30 11
10049 1 6 10 26 27 28 2
10048 1 6 8 10 23 33 2
10047 3 10 13 20 21 32 15
10046 11 12 21 23 27 32 5
10045 2 3 4 13 20 29 1
10044 3 9 21 23 27 31 5
10043 4 10 19 22 28 33 4
10042 3 6 11 20 31 32 10
10041 3 5 13 19 25 29 12
10040 12 19 24 25 30 32 11
10039 8 17 21 23 25 32 12
10038 1 6 7 11 13 16 1
10037 3 16 19 21 24 26 6
10036 6 13 14 28 29 30 8
10035 9 10 11 18 19 21 10
10034 6 11 13 22 25 32 12
10033 8 10 11 12 25 29 9
10032 8 18 21 28 29 33 8
10031 5 7 13 24 25 28 4
10030 3 6 10 16 25 31 5
10029 1 5 14 16 17 22 3
10028 1 3 6 12 16 32 12
10027 3 4 15 25 26 30 13
10026 2 4 5 8 19 22 12
10025 4 5 7 10 13 25 11
10024 7 16 26 27 29 31 14
10023 2 9 11 22 24 27 11
10022 1 2 18 29 31 32 2
10021 2 9 16 17 19 25 4
10020 5 6 14 22 24 26 9
10019 2 10 22 24 26 27 6
10018 11 28 29 30 32 33 2
10017 1 3 6 11 12 23 11
10016 2 8 10 12 30 33 16
10015 1 4 16 21 23 28 6
10014 1 3 7 14 26 28 2
10013 1 2 3 16 18 23 12
10012 2 8 13 14 25 33 10
10011 7 8 14 22 24 30 7
10010 7 8 12 15 22 26 8
10009 1 9 13 21 24 32 6
10008 5 7 13 15 18 30 14
10007 14 22 27 28 30 33 14
10006 3 5 7 13 14 18 5
10005 3 5 6 8 17 18 14
10004 1 12 13 16 23 28 7
10003 14 22 26 27 28 31 4
10002 3 6 7 23 30 33 13
10001 7 17 18 27 29 32 13
11153 5 8 9 10 20 25 13
11152 4 10 11 12 21 26 13
11151 7 11 16 19 31 33 10
11150 8 10 12 15 22 27 13
11149 4 5 6 7 23 31 16
11148 5 14 22 23 25 26 14
11147 4 8 12 17 18 30 10
11146 11 23 26 28 32 33 10
11145 2 4 14 15 26 30 4
11144 1 2 9 10 16 24 3
11143 7 8 12 14 15 30 16
11142 12 15 16 26 29 31 2
11141 2 4 6 19 24 29 11
11140 4 18 20 22 27 29 6
11139 8 20 24 27 30 31 3
11138 1 5 15 24 28 32 7
11137 2 11 18 23 30 33 13
11136 2 4 6 20 22 31 7
11135 12 13 17 20 25 26 12
11134 1 2 6 7 30 31 10
11133 12 14 20 21 25 31 16
11132 2 5 12 13 25 33 7
11131 2 7 9 17 21 25 1
11130 7 14 18 23 25 32 15
11129 7 10 11 21 23 26 6
11128 9 11 14 17 19 23 12
11127 16 19 22 23 27 29 11
11126 3 7 13 18 23 26 16
11125 3 10 15 24 27 32 8
11124 9 18 19 26 31 32 16
11123 1 4 5 14 19 28 16
11122 10 12 18 26 27 31 3
11121 4 14 22 25 32 33 2
11120 4 14 17 28 30 33 7
11119 9 12 14 19 28 32 1
11118 5 6 11 14 20 21 10
11117 8 10 19 26 28 30 4
11116 1 7 11 12 17 27 5
11115 7 8 9 12 17 33 16
11114 1 14 15 16 30 32 9
11113 6 10 11 25 32 33 5
11112 3 5 16 18 23 24 15
11111 1 3 5 20 25 27 4
11110 12 14 21 26 28 33 12
11109 1 3 9 15 16 33 15
11108 2 17 22 26 29 33 10
11107 4 9 16 17 22 29 15
11106 2 11 12 14 24 32 14
11105 4 6 23 25 27 28 1
11104 9 10 16 20 25 29 9
11103 4 5 10 13 15 16 12
11102 1 5 13 21 27 31 11
11101 6 10 19 23 29 31 6
11100 7 11 21 23 31 32 5
11099 10 12 13 21 26 27 14
11098 3 7 20 21 22 32 5
11097 9 17 19 20 21 26 16
11096 1 4 7 13 14 19 15
11095 3 7 8 10 23 24 5
11094 9 11 12 17 18 19 5
11093 4 7 11 13 23 30 9
11092 5 10 17 26 31 32 4
11091 9 15 21 23 28 30 3
11090 2 5 14 18 21 25 16
11089 1 2 11 24 29 30 12
11088 3 9 17 20 21 29 4
11087 2 3 4 5 18 28 1
11086 6 7 9 12 17 24 9
11085 3 6 11 21 24 31 10
11084 9 10 12 16 18 32 15
11083 7 16 18 24 28 29 6
11082 7 16 17 20 25 26 4
11081 6 14 19 23 25 32 12
11080 2 7 9 25 31 32 9
11079 3 14 15 16 24 29 5
11078 3 5 13 20 22 29 9
11077 1 7 8 15 26 29 10
11076 6 19 21 26 32 33 13
11075 7 9 10 12 31 32 13
11074 2 21 26 28 29 32 1
11073 3 4 5 12 17 21 14
11072 1 6 10 11 18 27 12
11071 1 2 15 22 28 30 2
11070 1 3 5 12 21 28 12
11069 2 13 16 18 24 30 12
11068 3 7 10 15 19 24 10
11067 17 19 20 24 25 27 12
11066 4 6 14 17 30 32 12
11065 4 16 23 25 27 29 3
11064 3 6 7 29 30 33 2
11063 4 6 13 15 18 19 5
11062 4 8 9 10 29 30 3
11061 2 3 8 13 19 21 3
11060 10 11 13 21 27 31 1
11059 24 26 27 29 31 33 16
11058 7 18 22 30 32 33 6
11057 4 6 20 21 26 33 2
11056 13 16 19 20 23 25 10
11055 8 13 16 17 29 32 16
11054 8 11 16 17 22 33 8
11053 3 6 10 12 22 30 15
11052 4 5 8 19 27 28 8
11051 1 7 11 14 15 16 14
11050 4 5 19 22 28 29 15
11049 1 11 17 18 27 31 14
11048 10 14 18 25 26 27 15
11047 4 13 23 25 27 33 14
11046 9 17 18 26 29 30 8
11045 2 16 17 20 26 32 8
11044 3 14 16 26 27 31 9
11043 4 13 14 17 25 31 4
11042 5 13 15 17 19 21 15
11041 4 10 12 13 30 32 13
11040 5 11 14 24 26 28 13
11039 3 7 10 16 24 29 13
11038 2 14 15 19 23 24 12
11037 1 3 4 6 17 25 11
11036 2 11 20 22 24 31 5
11035 13 14 18 20 27 31 2
11034 13 14 17 19 24 31 8
11033 2 8 12 13 19 29 4
11032 3 5 7 13 14 15 15
11031 16 17 24 28 29 32 12
11030 2 9 19 24 25 33 10
11029 1 4 9 10 20 31 7
11028 1 4 5 14 16 17 1
11027 13 18 21 22 25 26 1
11026 7 8 17 19 21 26 12
11025 8 25 26 31 32 33 9
11024 5 7 10 19 26 31 14
11023 2 3 6 21 22 25 5
11022 2 7 14 16 17 21 5
11021 1 2 14 18 25 31 8
11020 12 16 17 19 24 30 5
11019 2 4 12 19 32 33 16
11018 13 15 18 28 30 33 1
11017 2 6 15 23 26 33 8
11016 3 4 16 17 22 29 13
11015 3 6 13 26 27 29 7
11014 5 7 10 11 23 26 16
11013 1 3 13 16 21 22 8
11012 7 8 11 13 15 26 13
11011 1 12 18 19 21 24 10
11010 1 4 5 9 15 19 13
11009 17 18 23 24 25 26 4
11008 10 12 13 17 24 31 15
11007 1 9 17 24 26 31 5
11006 1 3 5 13 16 18 5
11005 6 9 12 14 20 22 13
11004 4 6 8 10 13 26 5
11003 13 14 21 22 23 27 4
11002 6 8 12 17 28 33 5
11001 3 9 20 24 26 32 10
12154 5 7 12 16 28 32 4
12153 4 5 11 21 27 28 10
12152 10 12 18 22 28 29 7
12151 5 14 24 25 26 32 1
12150 9 11 17 23 24 26 7
12149 1 5 13 25 26 32 13
12148 3 6 11 17 21 31 7
12147 2 12 15 23 24 32 9
12146 1 5 7 13 29 32 13
12145 5 20 26 27 28 33 3
12144 3 10 12 13 27 30 4
12143 7 8 18 25 30 32 6
12142 5 18 22 28 29 31 6
12141 3 5 8 19 20 27 9
12140 14 18 27 30 31 33 15
12139 8 19 21 24 28 31 15
12138 1 7 16 17 19 21 14
12137 1 2 4 6 13 17 7
12136 2 7 8 17 21 28 11
12135 2 5 7 8 11 17 16
12134 2 5 6 7 13 23 15
12133 1 8 11 20 21 29 2
12132 7 12 16 17 21 25 10
12131 6 18 19 26 28 32 12
12130 1 3 15 20 22 31 3
12129 1 7 9 17 21 29 1
12128 5 9 12 29 30 31 5
12127 1 9 11 21 26 32 8
12126 3 5 12 15 23 24 7
12125 8 12 13 26 29 33 1
12124 6 7 21 25 27 33 11
12123 8 10 16 25 28 33 9
12122 12 13 19 22 28 29 11
12121 1 7 8 20 23 24 11
12120 1 4 20 24 28 29 16
12119 12 20 25 26 27 28 13
12118 5 6 7 12 15 28 11
12117 13 15 18 20 24 28 9
12116 3 21 26 29 31 32 3
12115 3 8 20 24 26 32 14
12114 1 6 11 26 27 29 15
12113 3 6 9 13 18 32 6
12112 8 15 20 21 27 31 6
12111 2 9 10 20 22 31 13
12110 3 7 10 13 22 32 9
12109 2 12 24 26 29 31 3
12108 1 9 12 13 19 28 13
12107 11 12 15 24 25 31 9
12106 13 14 20 22 23 32 16
12105 6 13 14 15 17 30 4
12104 4 5 9 10 19 28 3
12103 4 9 11 14 32 33 2
12102 13 25 27 28 29 30 15
12101 9 12 17 18 20 33 2
12100 5 7 15 18 25 33 10
12099 8 12 15 16 21 27 16
12098 2 12 19 26 29 31 9
12097 5 8 13 14 19 22 6
12096 4 7 11 16 29 33 7
12095 17 24 27 28 29 30 2
12094 6 9 14 16 23 33 15
12093 3 5 19 21 24 33 13
12092 6 13 17 18 28 32 3
12091 1 5 7 8 19 21 16
12090 2 13 20 25 29 30 11
12089 3 7 10 13 14 25 11
12088 3 5 23 24 27 31 15
12087 3 10 11 13 14 22 9
12086 8 9 13 15 22 23 8
12085 5 17 24 30 31 33 5
12084 2 10 20 26 28 29 14
12083 4 9 14 15 26 33 4
12082 2 4 11 18 22 29 6
12081 2 5 10 24 25 29 6
12080 4 9 14 15 16 27 3
12079 6 7 12 24 30 33 12
12078 8 15 22 24 28 33 12
12077 2 4 13 18 26 28 12
12076 11 18 22 27 29 30 15
12075 4 6 22 23 29 32 11
12074 15 16 18 19 28 32 8
12073 4 7 9 10 17 27 5
12072 2 3 7 9 13 30 6
12071 3 4 19 21 22 23 8
12070 2 3 4 24 31 32 11
12069 8 10 11 18 20 29 6
12068 5 17 22 26 32 33 10
12067 4 5 10 21 26 30 16
12066 1 2 9 26 29 33 12
12065 8 10 18 19 27 31 14
12064 5 10 11 16 23 24 11
12063 2 10 17 19 24 27 12
12062 2 13 16 17 20 31 7
12061 3 8 11 12 14 18 14
12060 7 10 13 16 17 29 1
12059 4 13 21 22 26 31 1
12058 3 6 15 20 25 26 4
12057 3 5 19 21 27 31 4
12056 4 7 14 17 26 31 10
12055 4 6 13 20 24 28 1
12054 6 14 18 20 30 33 14
12053 4 15 22 25 27 33 4
12052 2 3 5 6 20 24 4
12051 2 12 14 17 30 31 9
12050 7 13 15 17 19 24 11
12049 4 12 13 19 20 32 2
12048 1 5 14 22 24 30 10
12047 6 7 11 16 32 33 11
12046 4 12 19 20 23 33 6
12045 8 11 20 21 27 30 9
12044 6 9 10 14 22 25 3
12043 2 9 11 21 26 33 3
12042 5 6 11 19 24 28 16
12041 8 11 15 20 24 32 2
12040 3 8 9 22 25 31 10
12039 1 2 5 13 22 29 8
12038 9 10 11 15 19 33 16
12037 5 14 19 24 28 33 9
12036 2 11 13 18 19 26 9
12035 9 11 12 21 24 26 5
12034 2 3 8 23 32 33 16
12033 2 3 15 16 17 27 4
12032 1 2 10 17 22 24 4
12031 4 16 22 24 27 31 3
12030 9 10 17 18 21 31 8
12029 4 7 15 25 26 28 3
12028 10 15 20 21 28 30 11
12027 4 16 22 25 30 31 12
12026 3 7 9 15 24 25 16
12025 3 8 9 17 25 27 6
12024 4 12 19 21 25 28 13
12023 5 9 15 23 24 33 2
12022 4 8 12 24 26 27 4
12021 1 15 16 18 22 30 3
12020 3 8 12 18 23 29 11
12019 7 14 18 20 22 30 16
12018 3 5 6 22 26 32 15
12017 6 9 14 19 25 28 10
12016 2 5 12 17 22 25 8
12015 1 3 6 10 21 23 15
12014 1 2 5 16 28 30 12
12013 6 8 24 29 30 32 13
12012 15 17 18 20 23 27 1
12011 4 14 15 16 20 26 5
12010 1 3 13 19 25 26 10
12009 4 16 24 26 27 33 11
12008 1 12 20 23 24 29 8
12007 10 17 19 27 28 32 4
12006 2 22 25 29 32 33 8
12005 7 9 18 27 31 33 6
12004 1 5 10 11 21 23 16
12003 3 6 8 24 29 31 9
12002 2 3 7 9 10 32 13
12001 1 4 5 9 15 17 6
13154 7 11 14 19 24 29 5
13153 8 11 13 18 28 33 10
13152 4 6 14 16 18 29 5
13151 3 9 10 19 28 33 9
13150 1 15 16 25 26 29 10
13149 9 18 25 26 30 32 11
13148 6 11 12 14 17 22 1
13147 2 15 16 17 19 30 8
13146 8 20 25 30 32 33 1
13145 6 10 13 16 23 24 15
13144 5 7 12 19 27 31 2
13143 12 18 21 22 27 32 11
13142 11 12 14 20 22 29 14
13141 3 4 5 25 30 31 4
13140 1 5 12 13 21 22 10
13139 7 8 11 13 21 27 8
13138 4 15 16 24 27 28 3
13137 4 17 19 23 24 27 10
13136 4 6 14 16 18 26 6
13135 9 23 24 25 29 31 12
13134 1 17 18 19 25 29 10
13133 4 7 12 19 22 25 1
13132 20 21 22 23 25 27 12
13131 4 6 12 17 19 26 9
13130 1 3 15 16 31 33 8
13129 5 6 10 14 27 31 14
13128 7 13 17 19 25 31 8
13127 2 3 13 20 22 33 14
13126 4 10 19 27 31 33 16
13125 4 6 8 18 25 28 16
13124 3 9 15 23 25 30 7
13123 1 2 6 11 17 25 2
13122 7 10 13 15 26 27 11
13121 4 5 6 7 25 27 7
13120 5 6 13 18 23 31 11
13119 5 15 20 22 26 32 9
13118 2 3 17 22 32 33 16
13117 9 12 13 24 27 33 16
13116 12 15 21 26 32 33 7
13115 3 12 16 17 18 27 8
13114 4 6 17 21 23 33 7
13113 4 7 11 17 24 33 9
13112 1 6 12 13 22 31 7
13111 1 2 3 6 8 33 13
13110 15 17 18 21 29 32 13
13109 9 23 24 27 29 32 8
13108 16 21 22 28 31 32 5
13107 7 9 11 17 28 31 11
13106 9 11 23 30 31 32 6
13105 1 11 23 27 31 32 9
13104 1 2 4 15 17 28 11
13103 2 4 9 13 18 20 7
13102 2 4 5 6 8 16 3
13101 5 7 9 23 27 32 1
13100 4 8 11 14 16 20 11
13099 5 11 20 21 26 31 3
13098 7 15 18 19 20 26 14
13097 5 14 17 22 23 25 7
13096 1 2 22 28 29 30 15
13095 1 6 15 19 28 29 10
13094 2 4 14 18 20 22 7
13093 1 2 8 26 29 31 14
13092 7 11 15 21 26 31 6
13091 4 14 24 25 28 31 10
13090 2 5 11 23 24 29 8
13089 4 8 12 19 21 25 13
13088 9 15 20 21 22 24 14
13087 2 13 19 23 24 28 5
13086 2 4 11 13 16 26 11
13085 2 8 12 14 16 32 16
13084 5 7 9 11 20 21 3
13083 5 6 12 14 19 23 9
13082 4 13 14 20 22 30 6
13081 1 4 10 13 21 31 13
13080 10 11 12 23 28 32 16
13079 7 13 17 19 22 26 13
13078 3 5 17 18 26 27 15
13077 9 14 23 24 26 29 3
13076 14 23 24 26 29 30 3
13075 4 6 9 25 30 33 14
13074 3 6 8 14 19 32 3
13073 2 9 13 17 20 28 11
13072 2 8 11 14 19 33 9
13071 5 12 21 23 26 28 9
13070 2 3 9 10 28 30 6
13069 7 16 17 18 30 33 6
13068 2 7 13 20 25 27 6
13067 1 4 9 15 22 30 6
13066 1 3 16 17 20 32 7
13065 7 18 19 23 29 30 2
13064 1 9 13 22 25 32 12
13063 10 15 18 20 23 31 12
13062 1 6 7 19 22 27 2
13061 5 6 7 12 13 18 12
13060 5 7 10 13 19 20 15
13059 3 10 18 24 27 29 9
13058 8 11 17 21 23 24 5
13057 13 16 19 23 26 28 5
13056 3 12 25 26 28 29 16
13055 8 18 19 22 27 32 6
13054 3 4 8 14 21 28 14
13053 3 12 13 22 30 33 14
13052 6 7 14 21 22 24 13
13051 8 12 15 19 28 29 2
13050 3 7 13 18 22 25 3
13049 10 13 14 16 21 32 14
13048 10 13 17 28 30 32 4
13047 1 8 11 17 27 30 12
13046 3 16 19 20 24 26 6
13045 6 7 8 14 23 31 12
13044 3 5 11 18 26 28 6
13043 3 6 14 15 17 25 16
13042 1 8 12 13 15 33 3
13041 2 10 12 17 23 24 5
13040 2 4 10 12 17 30 10
13039 1 2 14 15 24 29 6
13038 9 10 12 14 15 19 11
13037 2 15 18 27 28 32 14
13036 4 5 9 27 29 31 13
13035 1 14 15 17 26 30 2
13034 6 15 20 22 26 33 9
13033 5 6 13 17 19 28 1
13032 4 21 25 29 30 33 3
13031 3 13 14 15 21 33 3
13030 7 14 18 25 26 29 6
13029 6 7 10 19 23 29 12
13028 7 8 14 25 26 28 13
13027 1 2 4 12 21 24 12
13026 4 11 14 15 22 31 11
13025 16 17 18 24 25 30 8
13024 4 5 13 23 27 30 9
13023 3 6 15 18 30 32 5
13022 2 4 7 9 15 20 7
13021 1 6 17 19 26 31 11
13020 1 7 8 12 16 21 1
13019 1 2 5 16 20 26 6
13018 2 8 13 28 29 30 5
13017 4 6 12 30 31 32 9
13016 2 5 6 12 14 28 5
13015 5 6 7 11 13 18 15
13014 2 4 5 17 19 20 8
13013 5 6 13 19 22 28 9
13012 6 14 17 22 28 29 2
13011 3 12 17 24 27 29 9
13010 1 9 11 17 32 33 12
13009 1 4 9 13 16 23 2
13008 3 8 17 21 25 32 15
13007 2 9 15 22 26 32 1
13006 9 10 13 17 22 30 13
13005 1 13 14 25 31 32 12
13004 6 10 16 20 27 32 8
13003 22 23 26 27 28 33 9
13002 1 16 18 22 28 30 12
13001 6 8 14 15 24 25 6
14152 8 13 15 20 21 25 12
14151 4 5 8 11 21 27 8
14150 3 8 14 22 24 32 9
14149 7 9 10 15 19 33 1
14148 1 2 5 12 15 16 13
14147 6 7 22 26 31 32 10
14146 1 6 13 20 29 32 1
14145 10 12 13 23 26 29 11
14144 3 5 6 9 10 27 14
14143 3 12 18 20 25 26 16
14142 6 21 22 23 25 28 13
14141 8 9 11 16 21 24 10
14140 6 10 11 14 17 33 6
14139 1 14 15 20 25 29 11
14138 4 6 13 29 31 33 13
14137 3 6 9 11 25 29 9
14136 3 16 19 27 31 32 10
14135 2 4 11 13 25 33 1
14134 5 16 22 23 26 28 2
14133 13 14 16 23 30 31 13
14132 5 6 14 15 18 33 8
14131 5 17 21 22 28 32 14
14130 1 2 10 24 30 33 10
14129 5 8 9 20 28 32 2
14128 5 7 8 17 18 24 14
14127 2 10 12 21 23 27 12
14126 6 11 16 17 22 27 1
14125 10 11 15 26 31 32 6
14124 2 17 20 24 31 33 4
14123 1 6 11 17 28 33 5
14122 6 9 11 16 20 29 11
14121 1 2 13 22 28 30 9
14120 1 7 12 16 23 28 4
14119 6 13 17 20 26 29 9
14118 5 7 15 18 26 30 3
14117 5 10 17 25 28 29 4
14116 9 10 14 15 19 29 16
14115 1 9 10 11 13 32 3
14114 2 7 23 30 32 33 10
14113 12 14 28 31 32 33 7
14112 1 15 16 21 24 30 3
14111 2 8 17 20 22 28 2
14110 1 8 11 13 19 30 6
14109 2 5 11 15 19 28 2
14108 3 8 9 20 23 28 2
14107 11 14 17 22 25 27 16
14106 9 14 17 18 21 25 15
14105 14 16 17 19 27 32 4
14104 2 6 12 19 27 28 13
14103 3 8 9 10 18 33 4
14102 14 16 21 24 28 31 13
14101 16 18 20 23 24 32 7
14100 1 6 9 10 14 16 11
14099 1 5 10 11 13 32 14
14098 2 13 17 20 29 31 7
14097 7 13 24 25 27 32 15
14096 12 14 17 19 22 24 8
14095 5 6 8 14 22 31 8
14094 1 10 18 20 23 29 1
14093 2 8 9 10 20 29 5
14092 3 13 18 19 22 26 7
14091 1 5 12 19 27 29 14
14090 5 9 11 19 24 32 13
14089 4 6 14 17 27 30 9
14088 3 6 11 14 16 29 15
14087 6 18 22 23 32 33 6
14086 2 4 10 12 14 30 8
14085 1 2 11 19 23 29 8
14084 1 6 9 10 13 25 8
14083 5 6 19 21 23 33 12
14082 2 4 20 25 26 29 11
14081 8 14 22 24 27 29 10
14080 5 14 16 17 25 30 7
14079 2 7 16 22 27 28 2
14078 2 3 5 6 9 17 7
14077 8 9 12 15 19 22 10
14076 6 10 12 17 18 33 11
14075 3 9 11 22 27 29 6
14074 1 3 6 13 30 31 12
14073 1 12 16 20 30 33 2
14072 1 3 7 13 19 32 16
14071 2 4 12 17 22 25 14
14070 1 7 9 19 28 29 7
14069 5 12 17 19 25 30 11
14068 4 12 13 22 27 29 16
14067 1 6 7 17 18 23 6
14066 2 5 15 17 18 21 16
14065 3 4 5 8 10 22 6
14064 2 9 15 16 29 32 14
14063 3 8 17 21 22 31 16
14062 6 9 15 24 25 26 9
14061 2 14 17 27 28 31 8
14060 3 5 14 18 25 33 6
14059 5 8 12 13 23 25 13
14058 2 3 12 13 14 25 11
14057 2 4 12 18 23 31 8
14056 1 11 18 20 28 29 1
14055 2 9 14 19 21 30 4
14054 1 4 5 11 29 30 14
14053 14 17 19 22 26 31 2
14052 9 13 15 28 30 33 8
14051 10 16 19 21 23 24 13
14050 3 17 23 25 26 32 13
14049 6 7 16 17 23 32 6
14048 6 9 16 17 24 25 16
14047 8 10 11 12 19 29 15
14046 2 10 11 17 18 22 10
14045 2 4 9 11 19 22 15
14044 4 9 21 27 28 33 12
14043 2 5 9 14 24 33 9
14042 12 15 20 25 28 33 14
14041 7 11 16 18 21 22 2
14040 3 4 6 11 12 15 8
14039 3 11 15 19 20 31 7
14038 4 7 22 23 24 33 16
14037 6 13 14 24 25 30 7
14036 1 7 8 9 11 22 3
14035 7 8 9 17 32 33 6
14034 1 3 4 8 25 31 6
14033 5 13 23 28 32 33 12
14032 1 2 14 22 29 33 7
14031 4 10 16 17 21 27 14
14030 12 18 19 23 24 30 10
14029 2 7 14 16 21 29 14
14028 6 16 21 27 30 32 5
14027 8 10 14 16 30 31 1
14026 1 2 5 6 11 23 14
14025 1 5 10 14 16 30 16
14024 8 10 16 20 23 30 9
14023 7 9 13 17 21 22 10
14022 4 6 7 10 21 26 16
14021 8 10 15 17 22 29 12
14020 9 14 17 23 24 25 15
14019 2 10 15 19 20 21 7
14018 13 17 18 21 30 33 15
14017 4 6 7 14 25 26 10
14016 2 3 7 13 21 24 8
14015 2 11 19 30 32 33 9
14014 4 9 19 22 25 29 15
14013 5 9 13 15 17 21 13
14012 1 8 11 19 21 24 8
14011 9 10 13 14 21 32 2
14010 5 7 8 20 31 33 11
14009 8 9 19 20 25 32 16
14008 5 14 16 21 29 30 12
14007 8 10 12 14 18 28 14
14006 3 4 7 17 21 27 14
14005 15 18 23 27 32 33 4
14004 1 4 19 22 24 25 15
14003 6 10 11 28 30 33 12
14002 4 21 23 31 32 33 4
14001 3 9 15 20 27 29 1
15154 7 9 11 15 18 25 7
15153 8 11 15 22 27 29 3
15152 11 18 19 21 29 32 12
15151 5 6 8 23 31 32 11
15150 1 3 8 11 29 31 13
15149 9 10 20 21 22 33 9
15148 9 13 14 22 26 27 7
15147 8 9 16 23 24 30 5
15146 16 17 21 28 30 32 15
15145 7 8 15 19 20 24 13
15144 1 4 7 15 28 32 16
15143 13 15 19 20 21 32 4
15142 13 17 19 20 22 25 11
15141 3 8 19 25 27 28 2
15140 6 20 28 29 30 31 12
15139 1 10 13 18 25 27 9
15138 1 2 8 16 19 24 11
15137 14 22 23 27 28 31 12
15136 2 5 12 23 28 29 1
15135 1 12 14 18 26 32 7
15134 2 5 14 19 27 31 4
15133 2 3 13 20 22 24 15
15132 3 5 11 28 30 33 1
15131 10 12 13 19 22 26 3
15130 6 14 15 16 17 22 10
15129 5 8 11 16 18 27 4
15128 1 3 8 11 22 28 6
15127 7 10 19 22 27 33 6
15126 10 11 15 20 23 29 12
15125 5 13 22 27 30 33 10
15124 2 3 5 12 18 27 1
15123 5 8 9 12 22 28 7
15122 5 7 11 16 22 25 7
15121 1 3 20 21 28 29 12
15120 16 21 24 26 27 29 16
15119 2 8 10 18 23 31 8
15118 1 4 11 21 23 31 12
15117 4 11 12 18 26 32 12
15116 4 6 15 23 26 28 11
15115 1 7 8 14 24 32 3
15114 4 7 9 13 21 26 1
15113 1 5 7 8 19 27 12
15112 1 3 10 19 20 27 11
15111 8 14 16 18 20 30 12
15110 5 7 16 17 22 23 4
15109 1 8 9 16 32 33 13
15108 2 12 19 22 24 27 15
15107 7 14 16 18 21 25 8
15106 1 3 4 23 31 32 13
15105 9 10 16 19 20 26 12
15104 9 18 21 23 25 26 1
15103 6 8 13 26 30 32 14
15102 7 9 12 14 21 23 6
15101 8 16 22 24 28 29 5
15100 2 3 11 17 19 21 8
15099 6 7 10 11 14 22 9
15098 6 9 13 26 27 33 1
15097 9 12 14 20 26 27 4
15096 6 16 17 23 24 31 7
15095 4 15 21 28 30 31 4
15094 1 4 6 13 16 17 10
15093 1 3 13 21 25 31 8
15092 9 15 19 21 26 27 1
15091 5 7 17 19 22 31 11
15090 10 12 14 22 25 33 15
15089 12 14 19 27 28 29 1
15088 2 12 20 24 29 31 9
15087 9 15 16 19 20 28 11
15086 5 6 8 16 18 22 12
15085 2 8 25 27 28 29 5
15084 15 18 20 22 28 29 15
15083 6 7 16 18 29 32 5
15082 2 8 9 14 28 30 7
15081 13 20 22 26 28 31 13
15080 14 17 25 27 28 30 2
15079 9 14 15 20 26 32 11
15078 3 7 20 22 26 29 2
15077 1 6 8 10 13 27 16
15076 1 9 10 19 23 27 9
15075 6 11 13 19 21 32 4
15074 4 7 21 25 26 29 8
15073 1 2 17 22 26 27 4
15072 1 3 5 20 21 31 5
15071 8 18 20 28 29 31 8
15070 1 7 13 19 21 29 15
15069 1 13 17 18 23 30 15
15068 6 15 18 21 26 27 10
15067 2 5 8 24 25 31 14
15066 5 8 11 17 24 28 16
15065 8 10 14 19 26 29 12
15064 11 12 14 17 23 27 1
15063 1 7 9 16 22 32 12
15062 9 14 15 18 21 26 16
15061 6 18 22 26 32 33 4
15060 1 3 18 27 31 32 13
15059 2 6 9 16 25 32 14
15058 2 9 10 18 19 20 15
15057 9 20 24 25 26 32 4
15056 1 7 8 16 18 20 14
15055 1 10 15 18 19 28 2
15054 1 2 7 10 22 26 7
15053 3 7 17 22 32 33 10
15052 2 4 11 16 25 26 12
15051 4 10 24 26 28 32 9
15050 3 9 12 16 17 31 4
15049 7 12 14 17 20 23 5
15048 13 16 17 22 25 27 10
15047 2 3 20 24 26 27 9
15046 5 7 10 14 23 31 1
15045 1 5 13 22 30 31 7
15044 2 3 4 13 14 16 2
15043 11 12 15 24 26 27 15
15042 9 10 19 21 23 32 8
15041 4 9 11 17 21 25 6
15040 13 16 18 27 30 32 16
15039 1 13 15 26 29 30 12
15038 5 6 11 12 14 33 14
15037 5 7 12 18 28 31 3
15036 4 6 16 17 26 33 3
15035 1 8 9 22 24 33 3
15034 12 13 17 18 20 27 13
15033 3 6 21 29 31 32 5
15032 11 14 16 18 29 32 16
15031 1 5 7 22 26 32 11
15030 8 11 14 15 16 26 7
15029 7 14 15 19 21 28 7
15028 4 7 10 26 27 28 14
15027 5 7 9 16 26 29 7
15026 2 13 17 21 22 33 13
15025 10 11 12 15 27 32 14
15024 9 11 16 18 23 24 10
15023 8 9 10 13 29 30 1
15022 4 7 10 16 23 25 10
15021 14 15 16 17 27 28 8
15020 1 4 7 19 22 23 4
15019 2 6 11 19 25 26 4
15018 6 9 12 14 28 29 9
15017 13 18 20 25 27 33 12
15016 2 6 10 15 17 31 13
15015 1 7 20 24 25 33 4
15014 2 12 16 19 27 30 11
15013 8 9 24 25 26 29 1
15012 3 5 22 23 29 31 6
15011 4 14 15 17 18 20 15
15010 1 2 3 8 21 31 9
15009 4 7 14 17 21 25 14
15008 4 7 10 16 20 22 3
15007 1 7 9 17 20 33 8
15006 1 10 11 29 31 33 13
15005 7 10 16 17 18 32 15
15004 2 14 15 16 23 24 10
15003 10 15 20 23 24 31 15
15002 7 15 16 25 28 32 5
15001 1 7 9 16 20 23 6
16153 7 9 16 24 25 29 6
16152 2 8 9 16 20 22 7
16151 6 11 16 20 22 33 7
16150 2 4 5 9 13 21 5
16149 3 20 23 26 32 33 7
16148 1 2 11 20 26 30 14
16147 4 14 18 28 31 32 12
16146 3 7 15 16 17 23 10
16145 1 3 7 12 19 20 6
16144 4 10 12 27 32 33 5
16143 6 9 23 24 25 33 13
16142 1 10 17 21 23 30 12
16141 4 13 15 17 21 24 15
16140 1 2 5 17 26 32 10
16139 1 6 19 26 28 30 3
16138 7 16 20 24 25 30 7
16137 1 6 9 10 15 32 14
16136 2 7 10 20 27 29 3
16135 2 8 10 18 20 33 12
16134 11 12 13 14 18 33 13
16133 15 16 21 22 27 33 15
16132 5 8 13 19 27 28 7
16131 4 10 18 19 25 27 2
16130 3 17 21 23 27 28 1
16129 5 6 8 21 31 33 14
16128 4 9 11 17 26 27 13
16127 7 12 17 26 29 31 16
16126 2 6 12 17 18 19 10
16125 1 6 8 20 27 30 3
16124 9 15 21 24 27 32 10
16123 7 9 12 14 20 27 16
16122 15 22 23 24 28 29 8
16121 2 3 10 23 25 28 9
16120 2 5 6 21 25 28 9
16119 9 19 21 30 31 32 4
16118 9 14 22 23 31 33 14
16117 3 10 14 17 28 33 2
16116 7 18 20 23 27 31 13
16115 6 8 20 22 26 27 9
16114 5 16 20 22 27 29 9
16113 1 11 16 17 20 26 14
16112 6 12 14 15 18 25 12
16111 2 4 7 14 15 32 4
16110 5 7 28 31 32 33 8
16109 9 11 15 16 27 33 5
16108 2 3 7 8 19 26 16
16107 6 11 18 26 27 32 1
16106 4 5 13 22 25 30 4
16105 8 10 19 27 28 31 16
16104 5 9 11 18 30 31 4
16103 1 5 13 19 24 27 11
16102 5 8 10 14 17 30 13
16101 1 3 19 24 32 33 1
16100 3 10 22 23 27 29 4
16099 1 11 21 23 27 33 6
16098 2 8 25 29 31 32 6
16097 6 13 25 26 28 31 1
16096 6 13 14 21 22 24 16
16095 1 5 9 12 18 32 12
16094 6 7 10 12 18 31 10
16093 6 9 15 17 25 27 9
16092 2 13 15 23 24 29 6
16091 4 8 14 22 23 28 7
16090 2 13 17 20 21 26 7
16089 1 3 14 30 31 32 8
16088 3 14 16 18 25 33 15
16087 2 3 10 11 14 21 12
16086 9 10 11 12 15 32 5
16085 1 12 19 20 21 25 16
16084 2 4 12 18 24 26 5
16083 9 16 17 24 30 31 4
16082 6 12 14 15 17 20 9
16081 2 6 15 25 30 32 7
16080 1 16 17 24 25 32 14
16079 1 3 10 12 24 28 2
16078 2 4 8 23 26 29 2
16077 1 9 17 19 20 29 10
16076 7 8 13 22 30 32 1
16075 1 3 6 16 29 32 7
16074 6 10 11 12 20 25 12
16073 9 11 12 15 16 20 13
16072 5 16 19 22 24 25 2
16071 19 21 26 28 29 32 1
16070 3 6 11 18 23 29 1
16069 8 10 11 20 21 27 11
16068 8 19 23 28 31 32 1
16067 9 13 18 20 27 31 4
16066 3 7 13 18 19 20 5
16065 13 16 22 25 26 27 14
16064 3 12 14 17 19 26 3
16063 16 17 18 23 28 32 7
16062 12 13 15 18 19 21 9
16061 5 6 8 18 20 32 8
16060 4 5 22 26 29 32 8
16059 4 11 12 20 25 28 15
16058 3 5 18 20 24 32 11
16057 7 12 19 22 23 26 11
16056 3 4 8 11 16 18 14
16055 5 6 10 16 22 26 11
16054 6 11 16 19 28 32 4
16053 2 8 10 12 29 31 1
16052 1 6 13 19 24 28 16
16051 1 2 4 9 15 33 12
16050 9 12 24 28 29 30 2
16049 6 8 13 14 22 27 10
16048 3 8 13 14 15 30 4
16047 2 5 8 15 17 22 16
16046 7 20 25 26 27 30 14
16045 4 9 12 17 30 32 3
16044 1 3 10 12 18 30 1
16043 5 14 20 26 30 33 12
16042 7 14 17 23 26 31 9
16041 12 17 18 21 22 24 4
16040 3 13 19 20 23 26 3
16039 1 3 7 18 19 27 16
16038 3 12 13 22 28 29 3
16037 6 15 26 31 32 33 16
16036 3 4 7 9 20 22 3
16035 4 13 19 20 26 29 11
16034 3 15 21 22 23 28 15
16033 6 17 18 20 27 29 15
16032 8 12 14 15 21 27 15
16031 3 8 10 19 26 33 3
16030 10 14 19 22 25 29 12
16029 12 15 18 20 21 27 15
16028 6 8 12 21 25 29 1
16027 11 13 15 17 19 31 5
16026 4 9 12 28 30 33 1
16025 4 11 12 17 24 30 12
16024 2 5 7 14 18 31 13
16023 3 6 10 19 25 29 7
16022 4 9 19 22 23 30 7
16021 9 11 13 22 24 26 5
16020 1 2 10 12 22 24 10
16019 6 13 16 17 23 30 10
16018 12 13 14 17 21 25 4
16017 5 6 8 20 22 30 5
16016 1 20 22 24 25 26 16
16015 1 2 14 22 25 26 7
16014 2 8 10 18 20 27 7
16013 7 12 21 22 26 31 1
16012 7 12 14 16 27 32 15
16011 3 8 10 15 22 29 12
16010 2 4 12 14 19 25 6
16009 10 14 24 25 27 32 4
16008 2 15 24 29 32 33 2
16007 5 12 14 20 27 29 6
16006 13 16 18 20 28 31 12
16005 11 14 18 20 31 33 14
16004 8 10 17 22 25 33 12
16003 1 10 14 23 26 28 1
16002 9 14 17 20 24 30 16
16001 6 13 16 18 20 22 13
17154 5 9 13 15 18 26 5
17153 7 11 12 13 18 19 16
17152 6 10 23 25 26 29 5
17151 2 5 7 9 11 27 16
17150 6 14 19 20 21 23 8
17149 5 8 15 20 27 30 13
17148 4 7 11 14 29 32 12
17147 3 7 20 21 25 31 14
17146 1 19 25 26 27 33 10
17145 2 6 12 17 25 28 12
17144 3 14 16 20 31 32 9
17143 4 6 9 14 20 29 14
17142 8 13 14 18 23 33 6
17141 1 6 7 11 13 15 5
17140 21 22 25 28 29 30 8
17139 2 14 20 24 28 32 16
17138 1 17 24 28 32 33 2
17137 5 10 20 23 26 31 3
17136 3 7 10 18 21 24 12
17135 1 6 7 14 18 26 16
17134 4 5 11 14 28 32 4
17133 6 15 17 18 23 30 11
17132 2 3 5 9 13 28 11
17131 1 7 10 11 26 27 11
17130 5 13 14 23 25 31 2
17129 5 6 9 14 21 33 2
17128 2 6 13 22 29 31 8
17127 14 15 21 24 27 32 12
17126 1 16 17 21 27 30 16
17125 1 14 23 25 29 30 3
17124 2 6 11 26 28 29 3
17123 4 5 6 11 21 31 10
17122 11 20 21 22 24 27 15
17121 11 18 19 22 24 32 7
17120 8 10 15 19 23 28 16
17119 9 16 21 25 26 31 14
17118 8 9 15 22 30 33 16
17117 1 2 8 11 14 21 9
17116 2 14 20 22 30 32 2
17115 4 10 11 25 30 31 1
17114 6 12 13 15 18 26 13
17113 4 6 16 27 29 33 5
17112 3 10 14 16 22 23 11
17111 5 10 17 19 29 32 12
17110 1 3 12 15 19 23 14
17109 8 14 16 18 21 23 16
17108 7 12 14 15 17 20 1
17107 8 9 15 17 30 32 6
17106 12 15 20 25 27 31 2
17105 3 6 7 12 25 26 7
17104 1 14 15 20 23 30 14
17103 1 21 23 25 31 33 1
17102 4 8 10 14 18 20 11
17101 1 4 11 28 31 32 16
17100 4 7 8 18 23 24 2
17099 2 5 6 16 28 29 4
17098 4 19 22 27 30 33 1
17097 5 10 18 19 30 31 3
17096 2 6 11 12 19 29 6
17095 9 10 12 19 22 29 16
17094 8 11 13 19 28 31 6
17093 7 8 9 15 22 27 12
17092 10 18 19 29 32 33 9
17091 5 7 10 23 28 29 3
17090 1 7 10 16 22 33 9
17089 11 12 13 16 23 25 12
17088 7 9 18 22 23 29 6
17087 3 6 13 14 19 28 6
17086 3 5 6 13 20 22 7
17085 1 5 6 16 25 30 9
17084 1 5 11 20 22 24 2
17083 3 8 14 20 24 26 12
17082 14 18 21 25 28 29 10
17081 3 5 14 25 26 30 5
17080 1 12 16 20 22 24 8
17079 3 7 14 23 25 27 8
17078 5 7 18 19 22 24 16
17077 1 2 4 15 17 22 14
17076 1 4 8 9 14 15 13
17075 1 3 6 19 21 29 7
17074 2 6 16 23 30 31 2
17073 3 6 16 23 26 30 14
17072 6 11 14 23 26 30 2
17071 2 3 6 14 31 32 3
17070 1 6 14 22 25 26 12
17069 2 11 12 23 29 31 5
17068 2 6 10 22 30 31 15
17067 1 3 4 10 18 29 4
17066 1 4 6 17 19 26 3
17065 2 5 8 10 12 21 7
17064 2 10 16 22 24 28 15
17063 12 16 20 22 25 31 4
17062 1 7 22 24 26 31 10
17061 6 7 12 20 26 27 11
17060 5 10 13 24 26 31 4
17059 4 8 9 15 19 25 9
17058 1 9 13 22 28 32 11
17057 18 20 22 23 30 31 16
17056 13 14 18 19 21 28 6
17055 7 12 13 20 24 31 5
17054 2 3 9 23 28 33 8
17053 4 9 11 15 29 31 6
17052 7 8 18 24 29 31 7
17051 2 5 9 15 24 25 11
17050 10 12 20 24 27 29 7
17049 1 8 14 15 20 29 10
17048 5 8 9 14 15 19 7
17047 2 5 8 10 32 33 2
17046 4 13 14 23 26 32 10
17045 5 7 16 20 21 25 5
17044 8 16 19 21 31 32 6
17043 8 13 16 23 27 31 8
17042 1 2 4 7 10 23 4
17041 4 10 13 15 22 27 4
17040 15 19 23 28 29 33 4
17039 2 4 12 14 17 24 15
17038 1 4 8 13 24 27 5
17037 11 15 20 22 25 30 5
17036 1 2 5 10 24 27 15
17035 1 6 14 24 28 32 12
17034 4 7 8 19 32 33 13
17033 5 7 15 20 23 30 15
17032 5 8 15 24 27 31 11
17031 6 10 16 26 27 29 3
17030 1 7 9 20 23 30 2
17029 2 15 21 23 25 30 10
17028 7 8 12 13 22 30 9
17027 2 4 11 14 27 30 5
17026 3 10 12 19 27 30 8
17025 2 15 16 17 22 32 7
17024 9 21 25 26 29 31 13
17023 1 3 4 11 18 22 14
17022 2 6 15 16 18 32 15
17021 2 5 10 22 32 33 9
17020 4 8 10 12 31 33 10
17019 4 6 8 12 23 25 8
17018 1 2 3 17 25 31 9
17017 3 7 8 10 22 23 12
17016 5 8 16 22 27 29 2
17015 1 8 9 14 17 32 1
17014 6 8 18 20 23 31 13
17013 8 11 28 29 31 33 6
17012 10 11 14 15 16 24 7
17011 10 11 12 23 26 29 16
17010 5 8 19 25 28 30 7
17009 2 6 8 9 15 29 14
17008 7 13 15 27 28 29 13
17007 2 4 5 24 26 33 15
17006 2 4 8 26 29 33 8
17005 6 11 12 22 23 30 5
17004 5 13 17 26 27 30 7
17003 1 4 8 15 27 32 16
17002 15 19 23 24 25 32 3
17001 9 11 14 20 25 26 15
18153 1 7 17 23 25 31 11
18152 4 14 16 23 28 29 3
18151 5 15 19 25 26 29 15
18150 6 8 15 19 20 31 5
18149 1 7 8 10 12 24 1
18148 3 6 18 19 21 31 1
18147 3 15 17 23 27 30 11
18146 2 10 11 17 18 29 16
18145 3 9 13 22 23 25 6
18144 8 13 17 18 20 27 13
18143 4 6 15 28 32 33 14
18142 5 8 10 11 27 28 11
18141 11 14 16 18 24 33 4
18140 1 15 20 22 25 28 14
18139 11 18 20 23 31 32 15
18138 1 10 25 27 30 32 9
18137 3 5 11 15 20 23 9
18136 10 12 15 25 26 27 14
18135 1 3 6 10 11 29 16
18134 3 16 18 31 32 33 12
18133 2 4 11 12 18 32 13
18132 1 2 9 10 15 22 6
18131 21 22 24 31 32 33 1
18130 5 12 17 18 24 28 12
18129 2 4 6 16 18 19 16
18128 6 7 8 19 22 23 2
18127 2 5 6 7 11 15 12
18126 1 6 8 9 14 22 5
18125 3 10 11 14 15 32 2
18124 9 13 14 19 22 25 2
18123 13 21 24 27 31 32 1
18122 5 7 20 22 30 32 10
18121 6 8 14 19 23 25 11
18120 3 4 18 26 27 33 1
18119 3 13 14 16 25 27 12
18118 8 12 21 22 27 31 9
18117 8 11 15 17 23 25 5
18116 5 14 17 22 23 28 15
18115 1 13 19 24 26 29 11
18114 1 7 15 16 20 27 14
18113 1 6 9 16 25 26 9
18112 5 8 18 25 26 31 4
18111 1 7 14 24 25 28 8
18110 11 13 16 21 22 23 2
18109 10 11 18 23 31 33 15
18108 5 13 18 21 26 30 2
18107 1 2 5 12 20 22 1
18106 4 18 19 24 25 26 10
18105 4 5 13 18 19 25 1
18104 2 3 6 19 25 29 1
18103 2 9 15 22 23 24 16
18102 2 6 11 19 21 28 5
18101 1 3 14 26 29 33 9
18100 2 11 14 15 29 33 2
18099 3 7 8 14 25 32 6
18098 6 10 11 20 29 32 13
18097 1 2 17 20 25 28 13
18096 1 5 9 20 28 32 12
18095 10 11 12 21 26 33 9
18094 4 7 16 20 24 30 5
18093 4 18 20 21 29 33 7
18092 6 10 16 19 24 33 16
18091 6 11 13 17 25 32 7
18090 1 2 4 10 14 23 7
18089 6 9 12 14 18 27 14
18088 3 5 12 29 30 32 14
18087 1 5 10 16 18 31 3
18086 2 7 17 21 23 26 16
18085 4 10 25 26 30 33 6
18084 5 6 8 12 22 24 3
18083 4 9 18 21 32 33 3
18082 6 12 14 20 22 24 9
18081 1 2 12 16 20 26 3
18080 4 7 13 20 29 33 3
18079 14 15 17 22 24 29 13
18078 3 10 14 17 18 30 12
18077 2 5 9 15 20 24 10
18076 3 7 8 15 29 30 13
18075 7 9 12 13 22 24 11
18074 9 11 14 20 27 30 9
18073 2 9 14 15 16 23 10
18072 11 16 19 22 25 30 8
18071 2 5 6 13 16 19 3
18070 4 9 15 16 19 27 10
18069 6 13 17 19 23 31 12
18068 8 10 17 20 27 30 1
18067 1 4 9 12 15 18 5
18066 9 16 17 19 22 26 10
18065 1 4 6 14 28 33 1
18064 2 5 10 11 17 21 5
18063 5 6 10 16 20 25 12
18062 2 18 19 24 25 33 11
18061 9 10 11 12 18 23 7
18060 4 8 13 25 30 31 10
18059 4 6 8 13 22 32 11
18058 7 12 13 16 26 31 7
18057 5 15 17 19 20 30 13
18056 1 3 6 20 21 26 1
18055 7 9 10 12 22 26 7
18054 4 6 18 22 25 33 16
18053 1 4 10 11 14 27 6
18052 3 5 6 9 15 32 14
18051 5 7 20 23 27 31 4
18050 1 2 4 10 18 19 7
18049 1 3 4 11 19 23 2
18048 1 12 20 25 30 31 2
18047 6 7 12 16 22 25 7
18046 10 13 14 18 20 31 3
18045 3 4 6 25 26 30 1
18044 5 9 12 17 27 30 6
18043 1 4 6 8 21 24 7
18042 6 10 21 28 29 31 12
18041 7 8 20 23 24 32 13
18040 1 3 8 13 18 23 16
18039 8 12 18 19 23 32 3
18038 15 23 24 25 28 29 9
18037 1 6 7 8 27 30 10
18036 8 17 24 26 28 33 4
18035 7 10 11 17 23 28 15
18034 1 5 11 22 23 26 15
18033 4 19 20 22 28 33 6
18032 21 22 23 24 25 32 6
18031 2 16 18 19 27 30 14
18030 13 14 20 21 25 33 7
18029 1 2 9 14 22 25 5
18028 3 8 11 14 18 23 16
18027 2 7 9 14 18 28 5
18026 4 7 12 14 26 32 4
18025 4 13 16 19 21 25 14
18024 11 19 22 26 31 32 2
18023 12 15 16 21 26 29 16
18022 7 14 19 21 22 23 3
18021 3 4 6 11 23 28 14
18020 6 9 10 14 28 30 5
18019 3 11 12 16 21 23 9
18018 2 12 13 18 25 27 7
18017 3 6 11 26 30 32 12
18016 1 11 12 18 25 27 16
18015 11 15 20 21 26 33 15
18014 9 12 20 24 28 31 7
18013 6 8 13 15 22 33 6
18012 11 12 13 19 26 28 12
18011 3 10 21 23 27 33 11
18010 1 8 17 20 21 22 3
18009 5 10 17 23 26 32 7
18008 5 9 10 12 17 19 13
18007 13 14 20 25 27 31 12
18006 2 7 8 9 17 29 11
18005 2 20 21 28 31 33 6
18004 14 18 19 26 30 31 11
18003 1 14 16 17 20 31 4
18002 7 18 24 29 31 33 16
18001 1 8 11 26 28 31 4
19151 2 6 9 18 24 26 14
19150 2 9 14 22 27 29 2
19149 1 6 27 28 31 33 7
19148 9 10 13 20 26 27 8
19147 1 9 12 14 23 27 12
19146 1 4 10 12 30 32 14
19145 1 8 13 17 18 19 16
19144 2 12 15 19 27 30 3
19143 5 13 15 16 26 32 9
19142 8 14 24 27 29 33 9
19141 10 13 14 15 17 33 14
19140 2 4 9 11 14 22 5
19139 8 14 20 23 30 33 11
19138 2 6 12 30 31 32 11
19137 7 10 13 19 23 31 6
19136 12 14 15 17 29 33 12
19135 3 6 10 11 27 33 3
19134 1 4 6 22 29 30 3
19133 3 7 16 21 24 31 7
19132 4 6 11 14 19 33 7
19131 9 17 19 20 24 31 4
19130 1 7 9 11 24 32 16
19129 3 4 7 9 15 26 7
19128 3 8 12 16 17 19 8
19127 2 6 7 12 17 24 10
19126 2 14 17 29 32 33 16
19125 2 11 12 26 27 29 3
19124 4 9 30 31 32 33 1
19123 2 6 8 17 28 30 6
19122 4 10 15 19 21 23 2
19121 2 6 15 21 30 31 2
19120 10 12 27 31 32 33 3
19119 4 20 22 24 26 33 7
19118 12 14 15 25 28 31 4
19117 3 5 11 28 32 33 1
19116 1 8 9 13 16 33 1
19115 4 10 11 14 15 29 5
19114 2 4 9 11 12 30 1
19113 1 5 19 21 25 33 15
19112 3 12 14 17 23 27 1
19111 7 18 20 22 24 33 1
19110 1 18 22 26 27 28 8
19109 3 6 7 17 28 31 10
19108 7 13 19 22 25 32 13
19107 2 6 8 23 27 32 2
19106 2 14 22 27 30 33 14
19105 2 13 15 17 26 33 1
19104 1 5 16 17 18 24 10
19103 4 12 14 21 27 29 12
19102 3 8 12 16 20 32 12
19101 1 4 9 21 31 33 5
19100 1 4 12 13 30 32 8
19099 7 14 22 23 27 30 8
19098 3 11 12 14 17 26 9
19097 3 5 18 24 25 31 9
19096 5 7 12 18 27 32 11
19095 2 5 14 19 21 28 1
19094 5 10 12 18 19 27 6
19093 5 7 8 9 20 22 2
19092 9 17 27 28 32 33 8
19091 7 10 21 24 29 32 11
19090 2 3 6 8 14 22 4
19089 2 4 14 16 20 22 11
19088 13 14 15 21 23 29 13
19087 4 5 7 9 21 30 4
19086 16 22 24 26 28 31 6
19085 1 4 14 18 24 29 4
19084 4 8 14 18 20 27 3
19083 6 15 17 26 28 31 3
19082 7 16 19 22 24 28 2
19081 5 24 27 29 31 32 10
19080 3 6 8 20 24 32 7
19079 1 3 6 9 19 31 16
19078 1 17 27 29 31 33 12
19077 9 11 13 18 21 22 15
19076 12 15 19 20 29 32 14
19075 5 8 20 22 31 33 3
19074 12 21 27 29 31 33 4
19073 1 2 6 12 16 18 8
19072 2 9 13 15 22 30 15
19071 1 8 19 24 29 30 4
19070 6 15 18 19 24 32 9
19069 6 11 16 19 21 25 1
19068 3 14 20 24 26 33 10
19067 4 6 8 11 30 33 11
19066 1 14 17 20 22 32 4
19065 6 9 11 15 20 26 10
19064 12 20 24 25 30 33 12
19063 1 14 19 22 29 31 16
19062 7 13 16 23 26 30 1
19061 3 17 19 24 27 31 12
19060 3 4 14 20 23 27 1
19059 4 5 7 9 16 18 6
19058 7 8 12 21 23 27 12
19057 4 5 6 8 13 18 16
19056 13 14 17 19 21 29 1
19055 1 6 11 15 19 31 10
19054 7 10 11 15 24 26 11
19053 4 16 22 25 29 31 8
19052 3 6 9 13 16 19 16
19051 8 9 10 13 15 28 9
19050 4 6 10 11 21 23 2
19049 3 10 13 22 23 28 15
19048 3 7 10 12 18 29 10
19047 3 11 18 25 30 33 14
19046 2 12 16 22 25 32 6
19045 1 6 17 19 27 31 14
19044 6 14 16 17 23 29 7
19043 1 6 12 13 24 32 13
19042 15 17 19 22 25 26 4
19041 2 9 13 23 24 26 16
19040 5 6 9 18 23 31 11
19039 6 7 11 14 27 32 8
19038 9 12 21 27 29 30 5
19037 1 7 12 14 18 25 10
19036 2 10 13 16 23 32 8
19035 1 5 7 9 10 20 16
19034 9 11 15 22 24 26 3
19033 9 15 19 21 23 29 15
19032 4 8 9 13 28 33 4
19031 3 13 15 18 21 33 16
19030 4 5 7 10 12 22 16
19029 8 11 17 23 32 33 10
19028 4 19 22 26 29 30 11
19027 2 6 8 10 11 17 13
19026 3 13 15 19 20 27 14
19025 15 16 21 27 30 33 4
19024 1 8 23 25 28 29 10
19023 1 10 14 15 18 31 13
19022 3 7 11 21 30 33 7
19021 2 5 7 8 20 27 4
19020 2 12 13 23 27 28 12
19019 3 11 17 18 24 25 6
19018 4 11 18 19 26 32 4
19017 4 5 24 28 30 33 9
19016 5 7 9 11 19 25 5
19015 11 15 16 20 24 31 4
19014 1 2 3 14 19 33 3
19013 5 7 14 16 18 21 1
19012 7 10 21 23 31 33 14
19011 10 13 19 21 24 30 7
19010 2 4 5 8 11 30 2
19009 1 7 10 22 31 32 15
19008 2 6 9 13 28 32 12
19007 6 10 14 15 19 23 15
19006 1 5 10 19 26 28 12
19005 21 22 26 28 31 32 7
19004 8 12 16 19 26 32 3
19003 13 17 20 21 22 27 1
19002 4 5 6 8 9 18 11
19001 6 10 13 15 32 33 15
20134 2 9 10 20 22 26 1
20133 3 19 22 23 27 29 7
20132 1 4 11 12 14 23 4
20131 8 19 22 26 27 30 7
20130 8 9 11 14 17 29 16
20129 1 2 5 15 28 33 4
20128 8 10 15 16 23 26 10
20127 1 4 18 19 26 31 7
20126 3 7 12 14 23 28 11
20125 5 12 16 26 30 31 13
20124 16 18 19 20 29 33 12
20123 1 3 18 19 26 29 3
20122 12 15 17 24 26 31 15
20121 2 4 6 21 25 29 3
20120 1 2 3 4 9 10 12
20119 1 9 22 28 32 33 15
20118 11 13 19 26 30 33 5
20117 7 8 9 10 16 27 7
20116 5 6 14 16 19 27 10
20115 1 4 12 20 25 32 2
20114 1 5 11 24 30 32 3
20113 1 3 7 10 22 32 11
20112 2 9 12 17 28 32 5
20111 6 9 17 22 24 26 16
20110 2 6 9 14 22 25 4
20109 6 13 16 20 23 32 13
20108 10 12 15 17 23 32 5
20107 3 9 11 24 25 28 16
20106 2 4 11 15 18 28 10
20105 6 14 19 20 22 24 1
20104 4 8 10 16 27 29 9
20103 4 9 10 22 28 32 8
20102 9 10 19 25 26 29 8
20101 10 17 24 25 28 30 15
20100 1 7 15 16 20 23 7
20099 5 6 11 12 15 30 12
20098 6 8 11 22 25 33 2
20097 2 8 21 25 26 30 10
20096 1 20 23 26 27 32 15
20095 3 9 16 17 20 26 2
20094 10 15 17 27 29 31 8
20093 4 5 10 13 15 19 15
20092 1 6 12 18 22 24 3
20091 1 9 11 12 16 19 16
20090 2 21 23 26 31 32 6
20089 2 14 16 21 29 30 10
20088 1 6 12 26 29 30 12
20087 11 15 20 23 25 33 10
20086 2 4 6 15 24 27 6
20085 1 2 5 9 19 24 16
20084 3 7 16 17 23 30 7
20083 1 19 25 26 30 31 12
20082 2 8 11 17 21 30 9
20081 1 5 13 14 27 33 15
20080 14 15 18 22 31 33 1
20079 5 12 20 21 22 29 14
20078 3 11 14 16 21 32 4
20077 3 10 16 21 25 27 12
20076 10 15 16 18 20 27 6
20075 3 11 13 20 24 30 16
20074 4 8 9 13 19 33 12
20073 5 7 11 13 27 29 3
20072 6 8 10 15 17 26 4
20071 9 11 12 13 22 23 8
20070 1 2 4 6 19 21 15
20069 3 9 10 13 18 26 4
20068 12 16 21 26 27 32 10
20067 4 7 9 23 27 30 8
20066 2 9 13 17 26 28 7
20065 9 15 18 21 23 26 8
20064 1 3 7 21 27 32 1
20063 12 15 16 22 29 32 14
20062 10 14 17 22 26 27 5
20061 8 17 24 26 27 31 4
20060 5 9 14 20 24 30 8
20059 2 4 10 17 22 25 14
20058 1 3 11 12 19 26 7
20057 9 14 21 23 26 32 3
20056 2 5 8 12 26 31 14
20055 1 5 7 23 28 30 12
20054 3 10 19 25 26 31 2
20053 2 14 15 16 32 33 1
20052 2 8 13 29 32 33 15
20051 3 6 8 11 19 28 8
20050 4 9 17 20 32 33 15
20049 1 7 9 12 18 22 4
20048 12 14 18 23 30 32 2
20047 4 10 17 19 28 32 1
20046 13 19 25 26 27 32 8
20045 2 3 15 21 22 33 16
20044 7 8 16 17 19 24 7
20043 1 11 24 25 27 30 7
20042 2 6 7 11 14 31 3
20041 6 7 16 22 24 25 13
20040 1 6 12 16 19 21 4
20039 2 9 10 11 16 29 2
20038 1 6 7 18 23 24 15
20037 1 4 11 13 17 24 15
20036 7 9 16 22 24 32 6
20035 10 14 24 25 28 33 11
20034 2 8 15 16 26 32 3
20033 7 10 12 21 31 32 1
20032 3 11 13 14 15 26 13
20031 2 5 9 15 16 27 9
20030 17 18 21 29 30 32 3
20029 1 12 18 20 30 32 5
20028 5 6 15 18 26 32 8
20027 12 13 14 24 25 28 6
20026 1 4 9 18 19 31 6
20025 1 9 10 15 20 29 2
20024 10 13 27 28 29 31 8
20023 4 5 20 21 30 33 8
20022 2 10 20 22 25 30 2
20021 2 6 14 16 27 31 7
20020 1 6 9 13 15 22 14
20019 15 19 27 28 30 33 3
20018 5 7 8 11 17 22 13
20017 2 4 7 15 20 27 4
20016 5 6 8 17 24 27 7
20015 8 9 22 24 30 33 1
20014 2 7 8 10 12 16 7
20013 2 8 10 20 21 30 14
20012 4 13 14 23 26 31 9
20011 4 5 7 17 18 29 1
20010 11 14 22 27 31 32 9
20009 3 6 8 14 19 26 12
20008 1 4 6 10 11 28 16
20007 5 12 17 20 25 31 10
20006 3 4 5 10 16 32 9
20005 11 16 17 22 26 32 4
20004 2 15 17 27 32 33 3
20003 9 17 26 29 30 32 3
20002 4 9 14 15 16 29 11
20001 2 15 23 26 29 30 2
21150 9 14 20 21 24 26 4
21149 5 10 15 18 19 32 5
21148 10 12 15 17 19 20 8
21147 5 10 11 13 27 28 9
21146 7 9 21 22 26 32 3
21145 4 7 10 14 16 26 9
21144 2 5 13 15 23 26 7
21143 1 9 11 13 20 29 9
21142 4 7 17 19 20 24 16
21141 1 14 19 23 26 30 10
21140 5 10 16 26 27 33 1
21139 12 14 19 23 24 27 1
21138 11 14 15 16 27 32 9
21137 3 7 10 14 21 24 1
21136 2 6 9 15 19 28 16
21135 3 10 17 19 21 31 4
21134 1 2 16 19 25 31 8
21133 1 3 12 19 27 31 10
21132 1 4 6 14 20 28 8
21131 8 11 18 19 20 24 1
21130 8 9 15 24 26 30 6
21129 4 15 21 27 28 29 10
21128 5 17 20 21 23 33 4
21127 7 15 16 20 27 29 7
21126 19 20 23 27 28 31 1
21125 14 19 20 23 24 31 9
21124 1 3 18 22 29 32 2
21123 6 14 15 19 29 31 5
21122 4 5 12 15 18 28 7
21121 4 5 12 16 22 30 15
21120 1 7 8 12 13 18 5
21119 3 9 10 11 28 29 13
21118 2 6 14 18 20 31 13
21117 3 5 17 21 27 33 4
21116 6 14 17 18 31 33 6
21115 2 10 12 15 24 27 8
21114 4 6 8 14 24 27 2
21113 4 7 10 22 27 30 2
21112 5 6 21 25 28 33 7
21111 17 20 22 23 26 28 6
21110 10 13 15 24 31 32 2
21109 2 3 10 17 20 26 16
21108 11 15 18 24 26 32 9
21107 2 3 17 19 25 30 1
21106 1 4 7 14 30 31 3
21105 10 14 15 22 27 32 9
21104 1 7 17 20 22 28 15
21103 10 13 15 25 29 30 15
21102 5 9 15 24 27 30 9
21101 2 4 12 22 29 31 1
21100 7 9 12 13 14 29 16
21099 9 11 17 18 20 27 15
21098 1 10 13 18 26 32 5
21097 3 11 12 13 25 28 12
21096 1 7 11 14 15 26 11
21095 8 12 17 24 27 28 13
21094 9 11 24 25 28 33 15
21093 5 11 15 23 28 33 3
21092 2 7 8 10 12 31 3
21091 4 6 16 24 26 33 16
21090 5 6 12 14 27 28 8
21089 1 2 7 13 23 24 12
21088 4 12 15 16 19 26 6
21087 2 13 16 19 23 24 4
21086 6 8 10 14 28 29 1
21085 5 6 7 11 14 20 2
21084 5 7 9 11 21 28 1
21083 4 9 11 25 28 33 4
21082 3 6 11 13 26 32 5
21081 1 3 5 18 22 23 1
21080 5 8 22 23 24 29 9
21079 1 3 10 24 28 29 13
21078 4 6 15 26 27 31 12
21077 8 15 17 25 27 30 10
21076 3 9 21 23 30 32 6
21075 12 15 16 21 22 29 1
21074 4 5 9 14 25 27 7
21073 1 6 18 22 24 25 8
21072 1 9 15 16 19 21 15
21071 1 7 24 31 32 33 8
21070 1 5 11 15 16 29 15
21069 6 11 18 20 23 26 5
21068 4 14 18 24 31 32 15
21067 1 11 19 23 25 29 9
21066 2 6 19 26 30 33 15
21065 1 4 8 19 29 33 16
21064 4 6 8 15 16 18 16
21063 4 5 6 9 23 24 9
21062 12 13 15 20 22 25 10
21061 4 9 12 18 20 23 1
21060 10 11 17 20 29 30 15
21059 1 9 11 18 32 33 14
21058 9 11 13 18 19 28 14
21057 5 6 9 17 25 33 16
21056 8 21 22 23 29 32 1
21055 3 11 12 16 22 28 10
21054 7 13 21 22 24 31 2
21053 7 10 14 16 24 33 16
21052 3 4 6 19 21 30 14
21051 8 9 10 19 27 29 15
21050 2 9 10 16 25 28 8
21049 4 11 13 22 25 32 1
21048 4 15 17 22 29 32 3
21047 3 7 13 16 24 29 1
21046 5 9 13 21 28 33 6
21045 1 4 14 15 17 32 2
21044 5 7 14 17 26 28 13
21043 2 3 17 18 23 24 1
21042 5 9 10 22 25 27 8
21041 2 9 18 23 26 32 14
21040 2 6 7 24 28 29 16
21039 2 8 21 24 29 31 13
21038 5 7 9 16 18 27 6
21037 13 17 19 24 26 30 12
21036 1 2 6 11 21 26 11
21035 12 14 18 20 26 28 11
21034 4 10 12 18 23 25 1
21033 2 12 13 14 31 33 6
21032 1 5 8 15 16 30 3
21031 6 11 21 25 28 31 7
21030 8 9 13 27 29 31 5
21029 8 10 15 17 22 30 12
21028 11 16 23 26 27 33 5
21027 5 7 9 16 20 26 8
21026 3 5 13 19 20 25 3
21025 6 8 14 17 18 30 11
21024 1 4 6 10 11 18 2
21023 2 21 22 23 27 28 11
21022 10 15 17 25 31 32 6
21021 4 8 17 24 28 33 13
21020 1 3 6 7 9 11 2
21019 12 16 17 24 28 29 8
21018 2 8 14 23 25 32 6
21017 9 15 18 29 32 33 2
21016 3 8 9 13 15 18 10
21015 6 14 16 26 28 29 7
21014 4 15 21 25 29 33 6
21013 6 9 12 16 27 31 6
21012 3 6 14 18 20 26 1
21011 5 10 16 23 27 33 14
21010 1 4 11 19 32 33 5
21009 2 4 7 24 25 32 13
21008 1 5 7 14 18 33 7
21007 2 4 12 21 25 32 16
21006 6 8 22 24 25 26 1
21005 7 9 14 26 30 31 4
21004 2 3 7 8 17 22 15
21003 6 9 16 18 22 29 11
21002 6 10 13 25 26 32 11
21001 2 3 13 18 20 31 11
22150 1 7 11 12 22 28 5
22149 2 22 26 29 32 33 14
22148 2 15 16 17 21 31 14
22147 2 3 7 13 20 30 10
22146 6 7 13 18 26 31 6
22145 3 21 25 30 31 33 11
22144 7 20 22 23 31 32 5
22143 7 8 13 29 30 33 3
22142 1 3 13 16 21 27 3
22141 5 12 13 17 20 27 14
22140 8 9 18 19 20 27 15
22139 6 7 9 16 17 19 14
22138 2 14 19 21 25 28 11
22137 8 21 23 27 28 33 1
22136 8 10 14 15 18 22 8
22135 9 11 13 24 28 32 6
22134 1 5 14 17 24 31 14
22133 5 8 16 17 21 25 12
22132 1 3 18 26 32 33 4
22131 3 5 10 13 19 29 6
22130 2 8 15 17 26 28 12
22129 10 12 14 22 24 27 7
22128 3 12 18 24 27 29 1
22127 3 4 9 10 29 33 13
22126 1 13 15 17 26 33 13
22125 2 3 7 12 20 31 16
22124 5 10 13 18 24 26 1
22123 10 13 16 20 21 25 5
22122 6 8 17 19 24 28 5
22121 12 17 22 27 30 31 2
22120 2 15 19 26 27 29 2
22119 2 5 15 18 26 27 4
22118 2 6 7 11 14 33 8
22117 4 13 17 18 28 29 6
22116 8 14 26 27 30 33 1
22115 6 7 18 20 27 29 9
22114 1 5 15 19 26 29 13
22113 13 14 20 24 27 29 2
22112 3 5 8 17 25 31 1
22111 2 10 11 13 28 31 1
22110 9 13 15 18 20 28 15
22109 4 11 13 19 22 33 11
22108 1 7 13 17 18 31 15
22107 3 9 11 15 19 28 16
22106 17 20 22 23 24 31 1
22105 6 12 13 15 21 23 15
22104 1 8 19 25 26 31 1
22103 6 9 12 14 20 28 10
22102 9 10 12 18 29 32 14
22101 4 16 18 19 27 28 4
22100 2 6 7 15 20 21 15
22099 1 11 23 24 26 32 15
22098 2 3 4 6 21 33 5
22097 4 5 10 13 30 31 14
22096 3 16 17 19 25 33 7
22095 4 13 14 18 20 28 8
22094 6 11 13 16 19 31 2
22093 21 22 24 28 29 32 14
22092 7 10 16 20 21 27 11
22091 8 18 20 22 24 28 10
22090 1 4 25 27 29 30 7
22089 2 7 15 29 31 33 15
22088 3 9 15 17 20 22 6
22087 5 6 9 13 23 25 8
22086 1 4 8 21 23 24 11
22085 7 9 14 31 32 33 13
22084 3 18 23 24 25 32 9
22083 8 12 13 14 19 20 5
22082 4 10 11 23 30 32 14
22081 4 8 11 21 27 30 1
22080 5 12 15 17 18 27 4
22079 1 9 15 17 22 23 16
22078 1 4 5 15 17 31 9
22077 3 17 18 19 20 27 16
22076 8 9 10 13 24 29 2
22075 1 2 4 25 26 30 10
22074 5 7 15 19 29 33 15
22073 6 10 14 15 26 29 12
22072 5 14 15 16 18 32 12
22071 4 7 15 18 29 33 1
22070 4 6 9 27 28 33 2
22069 6 7 13 19 26 29 8
22068 7 12 15 24 26 29 6
22067 1 5 13 21 26 29 15
22066 6 11 14 20 27 30 9
22065 9 14 18 23 28 31 2
22064 4 6 12 13 17 31 16
22063 6 8 9 17 22 31 11
22062 16 18 20 21 23 33 5
22061 1 3 16 18 29 33 6
22060 16 18 19 24 28 32 1
22059 6 9 18 19 29 33 6
22058 6 13 14 23 31 33 1
22057 12 15 20 26 30 33 16
22056 1 6 11 14 17 26 15
22055 2 4 9 26 28 33 3
22054 8 12 21 27 28 33 11
22053 10 14 18 23 27 33 15
22052 7 24 27 29 31 32 15
22051 2 5 11 17 21 33 1
22050 3 5 8 14 27 33 8
22049 2 4 7 18 25 26 10
22048 5 7 17 20 26 31 14
22047 3 7 8 14 27 30 9
22046 2 11 24 25 27 30 14
22045 3 12 17 18 19 28 4
22044 1 7 8 21 23 29 6
22043 2 17 20 23 25 27 8
22042 5 10 11 21 22 30 13
22041 5 7 21 22 24 29 14
22040 3 12 14 16 31 33 12
22039 2 6 7 10 15 20 5
22038 9 12 13 16 24 32 4
22037 1 10 13 20 22 32 14
22036 2 3 14 16 26 31 2
22035 8 12 13 19 23 25 15
22034 14 17 26 31 32 33 10
22033 5 12 19 22 25 26 5
22032 4 10 11 14 23 32 7
22031 1 10 11 22 26 32 7
22030 12 23 24 26 27 30 5
22029 3 8 10 13 26 32 8
22028 5 11 20 22 23 29 9
22027 14 15 18 19 26 32 9
22026 3 4 10 15 22 24 2
22025 6 19 24 25 28 32 4
22024 7 9 10 14 19 24 15
22023 7 12 17 19 24 25 2
22022 1 7 11 15 17 19 6
22021 3 7 22 24 26 31 14
22020 9 11 14 22 30 32 1
22019 5 6 14 20 21 25 8
22018 7 11 16 17 30 32 16
22017 6 9 24 29 30 32 7
22016 5 10 19 20 29 31 14
22015 6 14 16 27 28 31 7
22014 6 7 13 14 15 27 4
22013 2 3 4 7 10 18 15
22012 4 7 8 29 30 31 1
22011 6 15 23 24 25 33 15
22010 12 18 19 20 21 32 15
22009 4 15 17 19 25 28 16
22008 2 3 7 9 20 21 13
22007 1 20 22 23 25 28 16
22006 3 6 9 15 22 31 2
22005 7 10 12 16 19 31 16
22004 5 19 24 28 30 32 14
22003 2 5 16 17 18 30 6
22002 2 12 21 23 25 31 8
22001 6 13 15 17 20 21 3
23004 1 7 15 16 20 25 16
23003 5 8 18 25 30 32 6
23002 2 6 10 16 18 22 13
23001 9 16 18 22 28 32 2
